district
东城区
东城区
东城区
东城区
东城区
东城区
东城区
东城区
朝阳区
朝阳区
朝阳区
朝阳区
朝阳区
朝阳区
朝阳区
朝阳区
朝阳区
朝阳区
朝阳区
朝阳区
朝阳区
朝阳区
朝阳区
朝阳区
朝阳区
朝阳区
朝阳区
朝阳区
朝阳区
朝阳区
朝阳区
朝阳区
朝阳区
朝阳区
朝阳区
朝阳区
朝阳区
朝阳区
朝阳区
朝阳区
朝阳区
朝阳区
朝阳区
东城区
朝阳区
东城区
东城区
东城区
朝阳区
东城区
朝阳区
东城区
东城区
东城区
东城区
东城区
丰台区
丰台区
丰台区
朝阳区
朝阳区
朝阳区
朝阳区
朝阳区
朝阳区
朝阳区
朝阳区
朝阳区
朝阳区
朝阳区
朝阳区
朝阳区
朝阳区
朝阳区
朝阳区
朝阳区
朝阳区
朝阳区
朝阳区
朝阳区
朝阳区
朝阳区
朝阳区
朝阳区
通州区
通州区
朝阳区
朝阳区
朝阳区
朝阳区
朝阳区
大兴区
大兴区
大兴区
大兴区
大兴区
朝阳区
朝阳区
朝阳区
丰台区
丰台区
丰台区
丰台区
丰台区
房山区
房山区
房山区
房山区
房山区
朝阳区
朝阳区
朝阳区
通州区
通州区
通州区
丰台区
丰台区
丰台区
丰台区
丰台区
丰台区
丰台区
丰台区
丰台区
朝阳区
朝阳区
朝阳区
丰台区
丰台区
丰台区
丰台区
丰台区
朝阳区
朝阳区
朝阳区
朝阳区
朝阳区
朝阳区
朝阳区
朝阳区
朝阳区
朝阳区
朝阳区
朝阳区
丰台区
丰台区
丰台区
丰台区
朝阳区
朝阳区
朝阳区
朝阳区
朝阳区
朝阳区
朝阳区
朝阳区
海淀区
海淀区
海淀区
海淀区
朝阳区
朝阳区
朝阳区
房山区
房山区
房山区
房山区
东城区
东城区
东城区
东城区
东城区
东城区
东城区
东城区
朝阳区
朝阳区
朝阳区
朝阳区
朝阳区
朝阳区
朝阳区
朝阳区
朝阳区
朝阳区
朝阳区
朝阳区
朝阳区
丰台区
丰台区
丰台区
东城区
东城区
东城区
东城区
丰台区
丰台区
丰台区
丰台区
东城区
东城区
东城区
东城区
东城区
东城区
东城区
东城区
东城区
东城区
朝阳区
朝阳区
朝阳区
朝阳区
朝阳区
东城区
东城区
东城区
东城区
东城区
东城区
东城区
东城区
东城区
朝阳区
朝阳区
朝阳区
朝阳区
朝阳区
东城区
东城区
东城区
东城区
朝阳区
朝阳区
朝阳区
朝阳区
朝阳区
朝阳区
朝阳区
朝阳区
朝阳区
朝阳区
朝阳区
朝阳区
朝阳区
朝阳区
朝阳区
朝阳区
朝阳区
朝阳区
朝阳区
朝阳区
丰台区
丰台区
丰台区
丰台区
丰台区
朝阳区
朝阳区
朝阳区
朝阳区
朝阳区
东城区
东城区
东城区
东城区
朝阳区
朝阳区
朝阳区
朝阳区
朝阳区
朝阳区
朝阳区
石景山区
石景山区
石景山区
海淀区
海淀区
海淀区
海淀区
朝阳区
朝阳区
朝阳区
朝阳区
朝阳区
朝阳区
朝阳区
朝阳区
朝阳区
朝阳区
朝阳区
朝阳区
朝阳区
朝阳区
朝阳区
朝阳区
朝阳区
朝阳区
朝阳区
朝阳区
朝阳区
朝阳区
朝阳区
朝阳区
朝阳区
朝阳区
丰台区
丰台区
丰台区
丰台区
丰台区
西城区
西城区
通州区
通州区
通州区
通州区
通州区
大兴区
大兴区
大兴区
大兴区
海淀区
海淀区
海淀区
海淀区
海淀区
朝阳区
大兴区
大兴区
大兴区
大兴区
朝阳区
朝阳区
朝阳区
朝阳区
朝阳区
朝阳区
朝阳区
朝阳区
朝阳区
朝阳区
东城区
朝阳区
朝阳区
朝阳区
朝阳区
通州区
通州区
通州区
通州区
朝阳区
朝阳区
朝阳区
朝阳区
朝阳区
朝阳区
朝阳区
朝阳区
朝阳区
朝阳区
朝阳区
朝阳区
朝阳区
朝阳区
朝阳区
朝阳区
朝阳区
朝阳区
朝阳区
朝阳区
朝阳区
朝阳区
朝阳区
朝阳区
朝阳区
朝阳区
朝阳区
朝阳区
朝阳区
朝阳区
丰台区
丰台区
丰台区
丰台区
丰台区
朝阳区
通州区
通州区
通州区
通州区
西城区
西城区
海淀区
海淀区
海淀区
海淀区
海淀区
朝阳区
朝阳区
朝阳区
朝阳区
朝阳区
石景山区
石景山区
石景山区
朝阳区
朝阳区
朝阳区
朝阳区
朝阳区
朝阳区
丰台区
丰台区
丰台区
丰台区
丰台区
丰台区
丰台区
丰台区
朝阳区
朝阳区
朝阳区
朝阳区
朝阳区
朝阳区
朝阳区
海淀区
海淀区
海淀区
海淀区
海淀区
丰台区
丰台区
丰台区
海淀区
海淀区
海淀区
海淀区
海淀区
通州区
通州区
通州区
通州区
通州区
海淀区
海淀区
海淀区
海淀区
丰台区
丰台区
丰台区
丰台区
海淀区
海淀区
海淀区
海淀区
海淀区
海淀区
海淀区
石景山区
石景山区
石景山区
石景山区
石景山区
石景山区
石景山区
石景山区
石景山区
东城区
东城区
东城区
海淀区
海淀区
海淀区
海淀区
海淀区
大兴区
大兴区
大兴区
大兴区
丰台区
丰台区
丰台区
丰台区
丰台区
丰台区
丰台区
丰台区
丰台区
朝阳区
朝阳区
通州区
通州区
通州区
通州区
朝阳区
朝阳区
海淀区
海淀区
丰台区
东城区
东城区
东城区
东城区
通州区
通州区
通州区
通州区
通州区
通州区
通州区
通州区
通州区
通州区
东城区
东城区
东城区
东城区
东城区
海淀区
海淀区
朝阳区
海淀区
朝阳区
石景山区
石景山区
石景山区
石景山区
石景山区
朝阳区
朝阳区
朝阳区
朝阳区
朝阳区
朝阳区
朝阳区
朝阳区
丰台区
丰台区
丰台区
丰台区
丰台区
丰台区
丰台区
丰台区
房山区
房山区
房山区
房山区
房山区
房山区
房山区
房山区
房山区
房山区
海淀区
海淀区
海淀区
海淀区
海淀区
海淀区
海淀区
丰台区
朝阳区
朝阳区
朝阳区
大兴区
朝阳区
朝阳区
朝阳区
朝阳区
朝阳区
海淀区
海淀区
海淀区
海淀区
海淀区
朝阳区
朝阳区
朝阳区
朝阳区
东城区
东城区
东城区
通州区
通州区
通州区
通州区
朝阳区
昌平区
昌平区
朝阳区
昌平区
昌平区
朝阳区
朝阳区
朝阳区
朝阳区
丰台区
丰台区
丰台区
丰台区
丰台区
丰台区
丰台区
丰台区
丰台区
大兴区
大兴区
大兴区
大兴区
大兴区
大兴区
大兴区
大兴区
大兴区
海淀区
丰台区
丰台区
丰台区
丰台区
朝阳区
朝阳区
朝阳区
朝阳区
朝阳区
朝阳区
朝阳区
朝阳区
朝阳区
朝阳区
朝阳区
海淀区
海淀区
海淀区
海淀区
海淀区
昌平区
昌平区
昌平区
昌平区
昌平区
昌平区
昌平区
海淀区
海淀区
海淀区
海淀区
丰台区
丰台区
丰台区
丰台区
丰台区
丰台区
丰台区
丰台区
丰台区
丰台区
丰台区
朝阳区
朝阳区
丰台区
丰台区
丰台区
丰台区
房山区
房山区
房山区
房山区
朝阳区
朝阳区
朝阳区
朝阳区
海淀区
海淀区
海淀区
海淀区
海淀区
朝阳区
朝阳区
朝阳区
朝阳区
海淀区
海淀区
海淀区
海淀区
海淀区
丰台区
丰台区
丰台区
丰台区
朝阳区
朝阳区
朝阳区
朝阳区
朝阳区
海淀区
海淀区
海淀区
丰台区
海淀区
海淀区
海淀区
丰台区
丰台区
朝阳区
朝阳区
朝阳区
朝阳区
朝阳区
海淀区
海淀区
海淀区
海淀区
朝阳区
朝阳区
朝阳区
朝阳区
朝阳区
朝阳区
朝阳区
朝阳区
朝阳区
朝阳区
朝阳区
朝阳区
朝阳区
通州区
通州区
通州区
通州区
通州区
朝阳区
朝阳区
大兴区
大兴区
大兴区
丰台区
丰台区
丰台区
丰台区
丰台区
朝阳区
朝阳区
朝阳区
朝阳区
朝阳区
朝阳区
朝阳区
朝阳区
朝阳区
丰台区
丰台区
丰台区
朝阳区
朝阳区
朝阳区
朝阳区
朝阳区
丰台区
丰台区
丰台区
丰台区
丰台区
朝阳区
朝阳区
朝阳区
朝阳区
朝阳区
朝阳区
朝阳区
朝阳区
朝阳区
朝阳区
朝阳区
朝阳区
朝阳区
海淀区
海淀区
海淀区
海淀区
海淀区
海淀区
海淀区
海淀区
海淀区
海淀区
海淀区
海淀区
海淀区
房山区
房山区
房山区
房山区
海淀区
海淀区
海淀区
海淀区
海淀区
房山区
房山区
丰台区
丰台区
丰台区
丰台区
朝阳区
朝阳区
朝阳区
朝阳区
丰台区
丰台区
丰台区
丰台区
丰台区
海淀区
海淀区
海淀区
海淀区
海淀区
海淀区
海淀区
海淀区
昌平区
昌平区
昌平区
通州区
通州区
通州区
通州区
丰台区
丰台区
丰台区
丰台区
丰台区
朝阳区
朝阳区
朝阳区
丰台区
朝阳区
朝阳区
朝阳区
朝阳区
海淀区
海淀区
海淀区
朝阳区
朝阳区
朝阳区
朝阳区
石景山区
石景山区
石景山区
石景山区
石景山区
石景山区
石景山区
石景山区
石景山区
石景山区
朝阳区
朝阳区
朝阳区
丰台区
丰台区
朝阳区
朝阳区
朝阳区
朝阳区
朝阳区
朝阳区
大兴区
大兴区
大兴区
大兴区
大兴区
通州区
通州区
通州区
通州区
海淀区
海淀区
海淀区
海淀区
朝阳区
朝阳区
朝阳区
朝阳区
丰台区
丰台区
丰台区
朝阳区
朝阳区
朝阳区
朝阳区
海淀区
海淀区
海淀区
海淀区
海淀区
朝阳区
朝阳区
朝阳区
通州区
通州区
通州区
通州区
通州区
通州区
通州区
通州区
通州区
通州区
朝阳区
朝阳区
朝阳区
朝阳区
朝阳区
朝阳区
朝阳区
朝阳区
朝阳区
朝阳区
丰台区
丰台区
丰台区
丰台区
丰台区
朝阳区
朝阳区
朝阳区
朝阳区
朝阳区
朝阳区
朝阳区
朝阳区
朝阳区
朝阳区
丰台区
丰台区
丰台区
丰台区
丰台区
丰台区
丰台区
丰台区
丰台区
丰台区
丰台区
丰台区
丰台区
丰台区
丰台区
丰台区
丰台区
丰台区
丰台区
丰台区
丰台区
丰台区
丰台区
丰台区
房山区
房山区
房山区
房山区
朝阳区
朝阳区
朝阳区
朝阳区
海淀区
朝阳区
朝阳区
朝阳区
朝阳区
朝阳区
朝阳区
朝阳区
朝阳区
朝阳区
朝阳区
朝阳区
朝阳区
朝阳区
朝阳区
朝阳区
朝阳区
朝阳区
朝阳区
朝阳区
朝阳区
朝阳区
丰台区
丰台区
丰台区
丰台区
丰台区
丰台区
丰台区
丰台区
丰台区
丰台区
丰台区
丰台区
丰台区
丰台区
东城区
丰台区
通州区
通州区
通州区
朝阳区
朝阳区
朝阳区
朝阳区
朝阳区
朝阳区
朝阳区
朝阳区
朝阳区
朝阳区
朝阳区
东城区
西城区
西城区
朝阳区
朝阳区
朝阳区
朝阳区
朝阳区
朝阳区
朝阳区
朝阳区
朝阳区
朝阳区
东城区
东城区
东城区
东城区
东城区
丰台区
丰台区
丰台区
丰台区
丰台区
丰台区
丰台区
丰台区
丰台区
丰台区
朝阳区
朝阳区
朝阳区
朝阳区
朝阳区
丰台区
丰台区
丰台区
朝阳区
朝阳区
朝阳区
朝阳区
朝阳区
朝阳区
朝阳区
朝阳区
朝阳区
朝阳区
朝阳区
朝阳区
朝阳区
朝阳区
朝阳区
朝阳区
朝阳区
朝阳区
朝阳区
朝阳区
朝阳区
朝阳区
朝阳区
朝阳区
朝阳区
朝阳区
朝阳区
朝阳区
朝阳区
海淀区
海淀区
海淀区
海淀区
海淀区
大兴区
朝阳区
朝阳区
朝阳区
朝阳区
朝阳区
朝阳区
朝阳区
朝阳区
丰台区
丰台区
丰台区
丰台区
朝阳区
朝阳区
朝阳区
朝阳区
朝阳区
朝阳区
朝阳区
朝阳区
朝阳区
朝阳区
朝阳区
朝阳区
朝阳区
朝阳区
朝阳区
朝阳区
朝阳区
朝阳区
朝阳区
朝阳区
朝阳区
朝阳区
朝阳区
朝阳区
朝阳区
朝阳区
朝阳区
朝阳区
朝阳区
朝阳区
朝阳区
朝阳区
朝阳区
朝阳区
朝阳区
朝阳区
朝阳区
朝阳区
朝阳区
朝阳区
朝阳区
朝阳区
朝阳区
朝阳区
朝阳区
朝阳区
朝阳区
丰台区
丰台区
朝阳区
朝阳区
朝阳区
朝阳区
丰台区
丰台区
丰台区
丰台区
西城区
西城区
西城区
西城区
西城区
东城区
东城区
东城区
东城区
东城区
昌平区
东城区
朝阳区
朝阳区
朝阳区
朝阳区
朝阳区
东城区
东城区
西城区
朝阳区
东城区
东城区
西城区
朝阳区
东城区
东城区
西城区
朝阳区
东城区
东城区
西城区
朝阳区
朝阳区
海淀区
海淀区
海淀区
朝阳区
朝阳区
朝阳区
朝阳区
朝阳区
朝阳区
朝阳区
朝阳区
朝阳区
大兴区
大兴区
海淀区
海淀区
海淀区
海淀区
朝阳区
朝阳区
朝阳区
朝阳区
朝阳区
朝阳区
朝阳区
朝阳区
朝阳区
海淀区
海淀区
海淀区
海淀区
海淀区
海淀区
海淀区
海淀区
海淀区
海淀区
海淀区
海淀区
海淀区
海淀区
朝阳区
朝阳区
朝阳区
房山区
房山区
房山区
房山区
朝阳区
朝阳区
朝阳区
朝阳区
朝阳区
朝阳区
朝阳区
朝阳区
朝阳区
朝阳区
朝阳区
朝阳区
朝阳区
朝阳区
朝阳区
朝阳区
朝阳区
朝阳区
朝阳区
丰台区
丰台区
丰台区
丰台区
丰台区
朝阳区
朝阳区
朝阳区
丰台区
丰台区
丰台区
朝阳区
朝阳区
朝阳区
朝阳区
朝阳区
朝阳区
朝阳区
朝阳区
海淀区
昌平区
昌平区
昌平区
延庆县
海淀区
昌平区
昌平区
昌平区
延庆县
海淀区
海淀区
海淀区
海淀区
海淀区
朝阳区
朝阳区
朝阳区
朝阳区
朝阳区
朝阳区
朝阳区
朝阳区
朝阳区
朝阳区
朝阳区
朝阳区
朝阳区
朝阳区
朝阳区
朝阳区
朝阳区
朝阳区
西城区
西城区
西城区
西城区
西城区
朝阳区
朝阳区
朝阳区
朝阳区
朝阳区
西城区
西城区
西城区
西城区
朝阳区
朝阳区
朝阳区
朝阳区
朝阳区
朝阳区
朝阳区
朝阳区
西城区
西城区
西城区
西城区
西城区
朝阳区
朝阳区
朝阳区
大兴区
大兴区
大兴区
大兴区
东城区
东城区
东城区
东城区
丰台区
丰台区
海淀区
海淀区
海淀区
海淀区
海淀区
朝阳区
朝阳区
朝阳区
朝阳区
丰台区
丰台区
丰台区
丰台区
丰台区
石景山区
石景山区
石景山区
东城区
东城区
东城区
朝阳区
东城区
东城区
东城区
东城区
朝阳区
东城区
海淀区
西城区
西城区
西城区
海淀区
丰台区
丰台区
丰台区
丰台区
丰台区
大兴区
大兴区
大兴区
大兴区
大兴区
大兴区
丰台区
丰台区
丰台区
丰台区
丰台区
顺义区
顺义区
顺义区
顺义区
顺义区
顺义区
顺义区
顺义区
顺义区
顺义区
丰台区
朝阳区
朝阳区
朝阳区
丰台区
丰台区
丰台区
丰台区
丰台区
昌平区
昌平区
昌平区
昌平区
昌平区
朝阳区
朝阳区
朝阳区
朝阳区
丰台区
丰台区
丰台区
丰台区
朝阳区
朝阳区
东城区
东城区
东城区
丰台区
丰台区
丰台区
丰台区
丰台区
东城区
东城区
东城区
东城区
朝阳区
朝阳区
东城区
朝阳区
朝阳区
朝阳区
朝阳区
朝阳区
朝阳区
朝阳区
朝阳区
丰台区
丰台区
丰台区
通州区
通州区
通州区
通州区
朝阳区
朝阳区
东城区
东城区
东城区
朝阳区
朝阳区
朝阳区
丰台区
丰台区
丰台区
丰台区
朝阳区
朝阳区
朝阳区
朝阳区
朝阳区
朝阳区
朝阳区
朝阳区
朝阳区
朝阳区
朝阳区
朝阳区
朝阳区
朝阳区
朝阳区
朝阳区
丰台区
丰台区
丰台区
丰台区
朝阳区
朝阳区
朝阳区
朝阳区
朝阳区
海淀区
海淀区
朝阳区
朝阳区
朝阳区
东城区
东城区
东城区
朝阳区
朝阳区
朝阳区
朝阳区
朝阳区
朝阳区
朝阳区
朝阳区
朝阳区
朝阳区
朝阳区
朝阳区
朝阳区
朝阳区
朝阳区
朝阳区
朝阳区
朝阳区
朝阳区
房山区
房山区
房山区
房山区
房山区
西城区
西城区
西城区
房山区
房山区
房山区
房山区
房山区
朝阳区
朝阳区
朝阳区
朝阳区
朝阳区
通州区
通州区
通州区
朝阳区
朝阳区
朝阳区
朝阳区
丰台区
丰台区
丰台区
丰台区
丰台区
朝阳区
朝阳区
朝阳区
朝阳区
朝阳区
朝阳区
朝阳区
海淀区
海淀区
海淀区
朝阳区
朝阳区
海淀区
海淀区
海淀区
石景山区
西城区
丰台区
丰台区
丰台区
朝阳区
朝阳区
朝阳区
朝阳区
朝阳区
朝阳区
朝阳区
东城区
丰台区
朝阳区
东城区
东城区
朝阳区
朝阳区
朝阳区
朝阳区
东城区
东城区
东城区
东城区
东城区
东城区
东城区
东城区
东城区
东城区
丰台区
丰台区
丰台区
丰台区
丰台区
朝阳区
朝阳区
朝阳区
朝阳区
朝阳区
朝阳区
朝阳区
朝阳区
朝阳区
朝阳区
朝阳区
朝阳区
朝阳区
海淀区
朝阳区
朝阳区
朝阳区
朝阳区
朝阳区
朝阳区
朝阳区
西城区
西城区
朝阳区
朝阳区
朝阳区
朝阳区
朝阳区
朝阳区
朝阳区
朝阳区
朝阳区
朝阳区
朝阳区
大兴区
朝阳区
朝阳区
朝阳区
大兴区
朝阳区
朝阳区
房山区
房山区
房山区
房山区
房山区
朝阳区
朝阳区
朝阳区
朝阳区
朝阳区
东城区
东城区
东城区
东城区
东城区
通州区
通州区
通州区
朝阳区
朝阳区
朝阳区
东城区
东城区
东城区
东城区
朝阳区
朝阳区
朝阳区
东城区
丰台区
丰台区
丰台区
丰台区
丰台区
朝阳区
朝阳区
朝阳区
东城区
朝阳区
朝阳区
朝阳区
朝阳区
房山区
房山区
房山区
大兴区
大兴区
大兴区
大兴区
朝阳区
朝阳区
朝阳区
朝阳区
朝阳区
朝阳区
朝阳区
朝阳区
朝阳区
朝阳区
朝阳区
朝阳区
东城区
东城区
东城区
昌平区
昌平区
朝阳区
朝阳区
朝阳区
通州区
通州区
通州区
通州区
通州区
东城区
东城区
东城区
东城区
东城区
东城区
东城区
东城区
东城区
东城区
东城区
东城区
东城区
东城区
朝阳区
朝阳区
朝阳区
朝阳区
朝阳区
朝阳区
朝阳区
朝阳区
朝阳区
丰台区
丰台区
丰台区
丰台区
朝阳区
朝阳区
朝阳区
朝阳区
朝阳区
朝阳区
朝阳区
朝阳区
丰台区
丰台区
丰台区
丰台区
丰台区
朝阳区
朝阳区
东城区
东城区
朝阳区
海淀区
海淀区
朝阳区
朝阳区
朝阳区
朝阳区
朝阳区
朝阳区
朝阳区
朝阳区
朝阳区
门头沟区
门头沟区
门头沟区
门头沟区
丰台区
西城区
西城区
西城区
西城区
朝阳区
朝阳区
朝阳区
朝阳区
朝阳区
朝阳区
朝阳区
朝阳区
朝阳区
朝阳区
朝阳区
朝阳区
朝阳区
朝阳区
朝阳区
朝阳区
通州区
朝阳区
通州区
朝阳区
通州区
东城区
东城区
东城区
东城区
东城区
东城区
东城区
东城区
朝阳区
朝阳区
海淀区
海淀区
海淀区
海淀区
海淀区
朝阳区
朝阳区
朝阳区
朝阳区
朝阳区
朝阳区
朝阳区
朝阳区
朝阳区
朝阳区
朝阳区
朝阳区
朝阳区
朝阳区
朝阳区
朝阳区
朝阳区
朝阳区
朝阳区
朝阳区
朝阳区
朝阳区
朝阳区
朝阳区
朝阳区
朝阳区
朝阳区
朝阳区
朝阳区
朝阳区
朝阳区
通州区
通州区
通州区
通州区
丰台区
丰台区
丰台区
丰台区
朝阳区
朝阳区
朝阳区
朝阳区
朝阳区
海淀区
海淀区
海淀区
海淀区
海淀区
丰台区
丰台区
丰台区
丰台区
丰台区
朝阳区
东城区
东城区
朝阳区
大兴区
大兴区
大兴区
丰台区
丰台区
丰台区
丰台区
丰台区
丰台区
丰台区
丰台区
丰台区
丰台区
东城区
东城区
丰台区
丰台区
丰台区
丰台区
丰台区
丰台区
丰台区
东城区
东城区
丰台区
丰台区
丰台区
丰台区
丰台区
丰台区
东城区
东城区
西城区
西城区
西城区
丰台区
丰台区
丰台区
丰台区
海淀区
海淀区
海淀区
海淀区
海淀区
朝阳区
朝阳区
朝阳区
朝阳区
朝阳区
朝阳区
朝阳区
朝阳区
朝阳区
朝阳区
朝阳区
朝阳区
朝阳区
朝阳区
朝阳区
丰台区
丰台区
丰台区
丰台区
丰台区
东城区
东城区
东城区
东城区
东城区
朝阳区
朝阳区
朝阳区
朝阳区
朝阳区
朝阳区
朝阳区
朝阳区
朝阳区
朝阳区
朝阳区
朝阳区
朝阳区
朝阳区
朝阳区
西城区
西城区
西城区
海淀区
海淀区
海淀区
海淀区
石景山区
石景山区
石景山区
海淀区
海淀区
海淀区
海淀区
丰台区
丰台区
丰台区
丰台区
朝阳区
西城区
西城区
朝阳区
朝阳区
朝阳区
西城区
西城区
朝阳区
朝阳区
朝阳区
西城区
朝阳区
丰台区
丰台区
丰台区
丰台区
海淀区
海淀区
海淀区
海淀区
朝阳区
朝阳区
朝阳区
朝阳区
朝阳区
朝阳区
朝阳区
朝阳区
朝阳区
朝阳区
朝阳区
朝阳区
西城区
西城区
西城区
西城区
西城区
大兴区
大兴区
丰台区
大兴区
朝阳区
朝阳区
朝阳区
朝阳区
朝阳区
大兴区
大兴区
大兴区
朝阳区
朝阳区
朝阳区
朝阳区
朝阳区
通州区
通州区
通州区
通州区
通州区
朝阳区
朝阳区
朝阳区
朝阳区
朝阳区
朝阳区
朝阳区
朝阳区
朝阳区
朝阳区
朝阳区
朝阳区
朝阳区
朝阳区
朝阳区
朝阳区
朝阳区
朝阳区
朝阳区
朝阳区
朝阳区
朝阳区
朝阳区
朝阳区
朝阳区
朝阳区
朝阳区
朝阳区
朝阳区
朝阳区
朝阳区
朝阳区
朝阳区
大兴区
朝阳区
朝阳区
朝阳区
朝阳区
朝阳区
东城区
朝阳区
朝阳区
朝阳区
东城区
朝阳区
朝阳区
朝阳区
海淀区
海淀区
海淀区
海淀区
朝阳区
朝阳区
朝阳区
朝阳区
朝阳区
海淀区
丰台区
海淀区
丰台区
丰台区
丰台区
丰台区
朝阳区
朝阳区
朝阳区
朝阳区
朝阳区
朝阳区
朝阳区
朝阳区
朝阳区
朝阳区
朝阳区
朝阳区
朝阳区
朝阳区
通州区
通州区
通州区
通州区
通州区
通州区
通州区
通州区
通州区
通州区
通州区
大兴区
大兴区
丰台区
丰台区
丰台区
丰台区
丰台区
丰台区
丰台区
丰台区
丰台区
丰台区
丰台区
丰台区
丰台区
丰台区
丰台区
丰台区
丰台区
丰台区
丰台区
丰台区
丰台区
丰台区
丰台区
丰台区
丰台区
丰台区
海淀区
海淀区
海淀区
海淀区
海淀区
海淀区
海淀区
海淀区
海淀区
海淀区
朝阳区
朝阳区
朝阳区
大兴区
大兴区
大兴区
大兴区
大兴区
大兴区
丰台区
丰台区
丰台区
丰台区
朝阳区
朝阳区
朝阳区
朝阳区
朝阳区
朝阳区
朝阳区
朝阳区
朝阳区
朝阳区
朝阳区
朝阳区
朝阳区
朝阳区
朝阳区
朝阳区
朝阳区
朝阳区
朝阳区
朝阳区
朝阳区
朝阳区
朝阳区
朝阳区
通州区
通州区
通州区
通州区
通州区
海淀区
海淀区
海淀区
海淀区
海淀区
海淀区
海淀区
海淀区
海淀区
海淀区
海淀区
海淀区
海淀区
海淀区
昌平区
海淀区
海淀区
海淀区
海淀区
海淀区
海淀区
海淀区
海淀区
海淀区
海淀区
朝阳区
朝阳区
朝阳区
朝阳区
朝阳区
朝阳区
海淀区
海淀区
海淀区
海淀区
海淀区
朝阳区
朝阳区
朝阳区
朝阳区
朝阳区
朝阳区
朝阳区
朝阳区
朝阳区
通州区
通州区
通州区
丰台区
西城区
西城区
西城区
西城区
朝阳区
朝阳区
朝阳区
朝阳区
朝阳区
朝阳区
朝阳区
朝阳区
朝阳区
朝阳区
朝阳区
朝阳区
朝阳区
朝阳区
朝阳区
朝阳区
朝阳区
朝阳区
朝阳区
大兴区
大兴区
大兴区
大兴区
大兴区
朝阳区
朝阳区
朝阳区
朝阳区
房山区
朝阳区
朝阳区
朝阳区
朝阳区
丰台区
丰台区
丰台区
大兴区
朝阳区
朝阳区
朝阳区
东城区
朝阳区
朝阳区
朝阳区
东城区
朝阳区
朝阳区
朝阳区
朝阳区
朝阳区
朝阳区
朝阳区
朝阳区
朝阳区
朝阳区
朝阳区
朝阳区
朝阳区
朝阳区
朝阳区
朝阳区
朝阳区
朝阳区
朝阳区
朝阳区
朝阳区
朝阳区
朝阳区
朝阳区
朝阳区
海淀区
海淀区
海淀区
海淀区
东城区
东城区
东城区
东城区
东城区
东城区
东城区
东城区
东城区
海淀区
昌平区
昌平区
朝阳区
朝阳区
朝阳区
朝阳区
朝阳区
朝阳区
朝阳区
朝阳区
朝阳区
朝阳区
朝阳区
朝阳区
朝阳区
朝阳区
朝阳区
朝阳区
朝阳区
朝阳区
朝阳区
朝阳区
朝阳区
朝阳区
朝阳区
朝阳区
朝阳区
朝阳区
朝阳区
朝阳区
朝阳区
丰台区
丰台区
大兴区
大兴区
丰台区
丰台区
大兴区
大兴区
朝阳区
朝阳区
朝阳区
朝阳区
朝阳区
朝阳区
朝阳区
朝阳区
朝阳区
朝阳区
朝阳区
朝阳区
朝阳区
朝阳区
朝阳区
朝阳区
朝阳区
西城区
西城区
西城区
西城区
西城区
朝阳区
朝阳区
朝阳区
朝阳区
朝阳区
丰台区
丰台区
丰台区
丰台区
丰台区
西城区
海淀区
海淀区
海淀区
朝阳区
朝阳区
朝阳区
朝阳区
朝阳区
丰台区
丰台区
丰台区
丰台区
丰台区
海淀区
海淀区
海淀区
房山区
房山区
房山区
房山区
房山区
海淀区
西城区
西城区
西城区
西城区
西城区
丰台区
丰台区
丰台区
丰台区
丰台区
丰台区
丰台区
丰台区
丰台区
通州区
通州区
通州区
通州区
通州区
丰台区
朝阳区
朝阳区
朝阳区
朝阳区
朝阳区
朝阳区
朝阳区
朝阳区
朝阳区
朝阳区
朝阳区
朝阳区
朝阳区
朝阳区
朝阳区
朝阳区
朝阳区
丰台区
丰台区
丰台区
丰台区
丰台区
丰台区
丰台区
丰台区
丰台区
丰台区
通州区
通州区
通州区
通州区
朝阳区
海淀区
海淀区
海淀区
海淀区
丰台区
丰台区
丰台区
丰台区
丰台区
朝阳区
朝阳区
朝阳区
朝阳区
朝阳区
朝阳区
朝阳区
东城区
东城区
东城区
东城区
东城区
东城区
东城区
东城区
大兴区
大兴区
大兴区
海淀区
海淀区
海淀区
丰台区
丰台区
丰台区
丰台区
东城区
东城区
东城区
东城区
海淀区
海淀区
海淀区
海淀区
海淀区
朝阳区
朝阳区
朝阳区
丰台区
丰台区
丰台区
丰台区
昌平区
昌平区
昌平区
昌平区
西城区
海淀区
丰台区
丰台区
丰台区
朝阳区
朝阳区
朝阳区
朝阳区
海淀区
海淀区
海淀区
海淀区
朝阳区
朝阳区
朝阳区
朝阳区
朝阳区
丰台区
丰台区
丰台区
丰台区
东城区
东城区
东城区
东城区
东城区
东城区
朝阳区
东城区
东城区
西城区
朝阳区
东城区
东城区
西城区
房山区
房山区
房山区
房山区
房山区
丰台区
丰台区
丰台区
西城区
西城区
西城区
西城区
西城区
朝阳区
朝阳区
朝阳区
东城区
东城区
东城区
东城区
东城区
朝阳区
朝阳区
朝阳区
朝阳区
朝阳区
丰台区
丰台区
丰台区
丰台区
丰台区
朝阳区
朝阳区
朝阳区
朝阳区
朝阳区
朝阳区
朝阳区
朝阳区
朝阳区
朝阳区
朝阳区
朝阳区
朝阳区
朝阳区
朝阳区
朝阳区
朝阳区
朝阳区
东城区
东城区
朝阳区
朝阳区
朝阳区
朝阳区
朝阳区
东城区
东城区
东城区
通州区
通州区
通州区
通州区
丰台区
丰台区
丰台区
丰台区
昌平区
昌平区
昌平区
昌平区
朝阳区
朝阳区
朝阳区
朝阳区
朝阳区
朝阳区
朝阳区
朝阳区
朝阳区
朝阳区
朝阳区
朝阳区
西城区
西城区
海淀区
海淀区
昌平区
西城区
西城区
海淀区
海淀区
昌平区
海淀区
海淀区
海淀区
海淀区
东城区
东城区
东城区
东城区
东城区
朝阳区
朝阳区
朝阳区
朝阳区
朝阳区
通州区
通州区
通州区
通州区
朝阳区
东城区
东城区
朝阳区
朝阳区
东城区
东城区
朝阳区
朝阳区
朝阳区
朝阳区
朝阳区
朝阳区
朝阳区
朝阳区
朝阳区
朝阳区
朝阳区
朝阳区
朝阳区
朝阳区
朝阳区
朝阳区
朝阳区
朝阳区
朝阳区
朝阳区
朝阳区
朝阳区
朝阳区
朝阳区
朝阳区
朝阳区
朝阳区
朝阳区
朝阳区
朝阳区
朝阳区
朝阳区
朝阳区
朝阳区
朝阳区
朝阳区
朝阳区
朝阳区
朝阳区
朝阳区
朝阳区
朝阳区
朝阳区
朝阳区
朝阳区
朝阳区
朝阳区
朝阳区
朝阳区
朝阳区
朝阳区
朝阳区
朝阳区
朝阳区
朝阳区
朝阳区
朝阳区
朝阳区
朝阳区
朝阳区
朝阳区
朝阳区
朝阳区
朝阳区
朝阳区
朝阳区
朝阳区
朝阳区
朝阳区
朝阳区
朝阳区
朝阳区
朝阳区
丰台区
丰台区
丰台区
丰台区
朝阳区
朝阳区
朝阳区
朝阳区
海淀区
西城区
西城区
西城区
西城区
西城区
西城区
朝阳区
朝阳区
朝阳区
朝阳区
丰台区
丰台区
丰台区
丰台区
丰台区
丰台区
丰台区
丰台区
朝阳区
朝阳区
朝阳区
朝阳区
朝阳区
海淀区
海淀区
海淀区
海淀区
海淀区
丰台区
丰台区
丰台区
丰台区
石景山区
东城区
丰台区
西城区
西城区
西城区
西城区
西城区
丰台区
丰台区
丰台区
丰台区
顺义区
顺义区
顺义区
顺义区
顺义区
朝阳区
朝阳区
朝阳区
朝阳区
朝阳区
朝阳区
朝阳区
朝阳区
朝阳区
朝阳区
朝阳区
朝阳区
朝阳区
朝阳区
丰台区
丰台区
丰台区
丰台区
丰台区
丰台区
丰台区
丰台区
东城区
东城区
东城区
东城区
东城区
丰台区
东城区
东城区
东城区
东城区
朝阳区
朝阳区
朝阳区
朝阳区
朝阳区
房山区
房山区
房山区
大兴区
大兴区
大兴区
大兴区
大兴区
房山区
房山区
房山区
朝阳区
朝阳区
朝阳区
朝阳区
朝阳区
朝阳区
朝阳区
朝阳区
丰台区
丰台区
丰台区
丰台区
朝阳区
朝阳区
朝阳区
朝阳区
朝阳区
朝阳区
朝阳区
朝阳区
朝阳区
朝阳区
朝阳区
丰台区
丰台区
丰台区
丰台区
朝阳区
朝阳区
朝阳区
朝阳区
朝阳区
朝阳区
朝阳区
朝阳区
朝阳区
朝阳区
朝阳区
朝阳区
朝阳区
朝阳区
朝阳区
丰台区
丰台区
丰台区
朝阳区
朝阳区
朝阳区
朝阳区
朝阳区
朝阳区
朝阳区
朝阳区
朝阳区
朝阳区
海淀区
海淀区
海淀区
海淀区
海淀区
朝阳区
丰台区
丰台区
丰台区
海淀区
海淀区
海淀区
海淀区
海淀区
丰台区
丰台区
丰台区
丰台区
丰台区
朝阳区
朝阳区
朝阳区
朝阳区
朝阳区
朝阳区
朝阳区
朝阳区
西城区
西城区
西城区
西城区
西城区
朝阳区
朝阳区
朝阳区
朝阳区
朝阳区
朝阳区
朝阳区
朝阳区
朝阳区
丰台区
丰台区
丰台区
丰台区
丰台区
海淀区
海淀区
海淀区
西城区
西城区
西城区
西城区
西城区
西城区
西城区
西城区
西城区
西城区
东城区
东城区
东城区
东城区
东城区
昌平区
昌平区
昌平区
朝阳区
朝阳区
朝阳区
朝阳区
丰台区
丰台区
丰台区
丰台区
丰台区
丰台区
丰台区
丰台区
丰台区
丰台区
大兴区
大兴区
朝阳区
朝阳区
朝阳区
朝阳区
丰台区
丰台区
丰台区
丰台区
丰台区
海淀区
海淀区
海淀区
海淀区
海淀区
海淀区
海淀区
海淀区
朝阳区
朝阳区
朝阳区
朝阳区
朝阳区
朝阳区
朝阳区
朝阳区
朝阳区
朝阳区
朝阳区
朝阳区
朝阳区
朝阳区
朝阳区
朝阳区
朝阳区
朝阳区
朝阳区
朝阳区
朝阳区
朝阳区
海淀区
海淀区
海淀区
朝阳区
朝阳区
朝阳区
朝阳区
朝阳区
朝阳区
朝阳区
朝阳区
朝阳区
朝阳区
通州区
通州区
通州区
海淀区
海淀区
海淀区
海淀区
海淀区
丰台区
丰台区
丰台区
丰台区
丰台区
丰台区
丰台区
丰台区
丰台区
丰台区
丰台区
丰台区
丰台区
大兴区
大兴区
大兴区
大兴区
大兴区
大兴区
大兴区
大兴区
大兴区
大兴区
丰台区
丰台区
丰台区
丰台区
丰台区
海淀区
海淀区
海淀区
海淀区
海淀区
海淀区
海淀区
通州区
通州区
通州区
通州区
通州区
朝阳区
朝阳区
朝阳区
朝阳区
朝阳区
朝阳区
朝阳区
朝阳区
朝阳区
朝阳区
朝阳区
朝阳区
朝阳区
朝阳区
朝阳区
丰台区
丰台区
海淀区
丰台区
丰台区
丰台区
丰台区
丰台区
石景山区
石景山区
石景山区
石景山区
石景山区
朝阳区
朝阳区
朝阳区
朝阳区
朝阳区
朝阳区
朝阳区
朝阳区
朝阳区
朝阳区
海淀区
海淀区
海淀区
海淀区
海淀区
丰台区
丰台区
海淀区
海淀区
海淀区
海淀区
海淀区
海淀区
昌平区
丰台区
丰台区
丰台区
丰台区
丰台区
朝阳区
朝阳区
朝阳区
朝阳区
朝阳区
朝阳区
朝阳区
朝阳区
朝阳区
朝阳区
朝阳区
朝阳区
朝阳区
海淀区
海淀区
海淀区
海淀区
海淀区
朝阳区
朝阳区
朝阳区
海淀区
海淀区
海淀区
海淀区
朝阳区
朝阳区
朝阳区
朝阳区
朝阳区
海淀区
海淀区
海淀区
海淀区
海淀区
朝阳区
朝阳区
朝阳区
朝阳区
朝阳区
朝阳区
朝阳区
朝阳区
丰台区
丰台区
丰台区
东城区
东城区
丰台区
丰台区
东城区
东城区
东城区
丰台区
丰台区
东城区
朝阳区
朝阳区
朝阳区
朝阳区
朝阳区
朝阳区
朝阳区
海淀区
海淀区
海淀区
海淀区
海淀区
海淀区
海淀区
海淀区
海淀区
海淀区
海淀区
海淀区
海淀区
海淀区
海淀区
大兴区
大兴区
大兴区
朝阳区
朝阳区
朝阳区
朝阳区
朝阳区
朝阳区
朝阳区
海淀区
海淀区
海淀区
海淀区
海淀区
海淀区
海淀区
海淀区
海淀区
海淀区
海淀区
西城区
海淀区
西城区
海淀区
朝阳区
朝阳区
朝阳区
东城区
丰台区
丰台区
丰台区
丰台区
丰台区
丰台区
丰台区
丰台区
丰台区
海淀区
海淀区
海淀区
海淀区
海淀区
朝阳区
朝阳区
朝阳区
朝阳区
朝阳区
朝阳区
朝阳区
丰台区
丰台区
丰台区
丰台区
海淀区
海淀区
海淀区
海淀区
房山区
房山区
房山区
大兴区
大兴区
大兴区
朝阳区
朝阳区
朝阳区
朝阳区
朝阳区
昌平区
昌平区
朝阳区
昌平区
昌平区
朝阳区
昌平区
昌平区
丰台区
丰台区
丰台区
丰台区
丰台区
大兴区
大兴区
大兴区
大兴区
大兴区
朝阳区
朝阳区
海淀区
朝阳区
朝阳区
海淀区
海淀区
海淀区
丰台区
丰台区
丰台区
丰台区
海淀区
海淀区
海淀区
海淀区
朝阳区
朝阳区
朝阳区
朝阳区
朝阳区
朝阳区
朝阳区
朝阳区
朝阳区
朝阳区
朝阳区
朝阳区
朝阳区
朝阳区
朝阳区
朝阳区
朝阳区
朝阳区
朝阳区
朝阳区
丰台区
丰台区
丰台区
丰台区
丰台区
丰台区
丰台区
丰台区
丰台区
通州区
通州区
通州区
东城区
朝阳区
朝阳区
朝阳区
海淀区
海淀区
海淀区
海淀区
朝阳区
朝阳区
朝阳区
朝阳区
朝阳区
朝阳区
朝阳区
朝阳区
朝阳区
丰台区
丰台区
丰台区
丰台区
朝阳区
朝阳区
朝阳区
朝阳区
朝阳区
朝阳区
朝阳区
朝阳区
朝阳区
朝阳区
朝阳区
朝阳区
朝阳区
朝阳区
朝阳区
朝阳区
朝阳区
朝阳区
朝阳区
朝阳区
朝阳区
朝阳区
朝阳区
朝阳区
朝阳区
朝阳区
朝阳区
朝阳区
朝阳区
朝阳区
朝阳区
朝阳区
朝阳区
朝阳区
朝阳区
朝阳区
朝阳区
朝阳区
朝阳区
朝阳区
朝阳区
朝阳区
朝阳区
大兴区
大兴区
大兴区
大兴区
大兴区
朝阳区
朝阳区
朝阳区
朝阳区
朝阳区
朝阳区
朝阳区
朝阳区
朝阳区
朝阳区
朝阳区
朝阳区
朝阳区
朝阳区
朝阳区
朝阳区
朝阳区
朝阳区
朝阳区
通州区
通州区
通州区
通州区
通州区
通州区
通州区
通州区
通州区
丰台区
丰台区
丰台区
丰台区
朝阳区
朝阳区
朝阳区
朝阳区
通州区
通州区
通州区
海淀区
海淀区
海淀区
海淀区
海淀区
朝阳区
朝阳区
朝阳区
丰台区
丰台区
丰台区
朝阳区
朝阳区
朝阳区
海淀区
海淀区
海淀区
海淀区
海淀区
东城区
东城区
东城区
东城区
朝阳区
朝阳区
朝阳区
朝阳区
朝阳区
朝阳区
朝阳区
丰台区
丰台区
丰台区
丰台区
丰台区
丰台区
丰台区
丰台区
丰台区
丰台区
朝阳区
朝阳区
朝阳区
石景山区
海淀区
石景山区
石景山区
朝阳区
朝阳区
朝阳区
朝阳区
朝阳区
朝阳区
朝阳区
朝阳区
朝阳区
朝阳区
朝阳区
朝阳区
朝阳区
朝阳区
朝阳区
朝阳区
朝阳区
朝阳区
朝阳区
朝阳区
朝阳区
朝阳区
朝阳区
朝阳区
朝阳区
朝阳区
朝阳区
朝阳区
丰台区
丰台区
丰台区
丰台区
丰台区
东城区
东城区
东城区
东城区
海淀区
海淀区
海淀区
海淀区
海淀区
通州区
通州区
通州区
通州区
通州区
通州区
通州区
通州区
通州区
通州区
朝阳区
朝阳区
朝阳区
朝阳区
朝阳区
朝阳区
朝阳区
朝阳区
朝阳区
朝阳区
朝阳区
朝阳区
朝阳区
朝阳区
朝阳区
朝阳区
朝阳区
海淀区
海淀区
朝阳区
朝阳区
朝阳区
丰台区
朝阳区
石景山区
石景山区
石景山区
石景山区
丰台区
丰台区
丰台区
丰台区
丰台区
丰台区
丰台区
丰台区
大兴区
大兴区
大兴区
大兴区
大兴区
朝阳区
朝阳区
朝阳区
朝阳区
朝阳区
朝阳区
西城区
西城区
朝阳区
朝阳区
朝阳区
朝阳区
朝阳区
海淀区
海淀区
海淀区
海淀区
海淀区
昌平区
朝阳区
朝阳区
朝阳区
朝阳区
丰台区
丰台区
丰台区
丰台区
丰台区
丰台区
丰台区
丰台区
朝阳区
朝阳区
朝阳区
朝阳区
朝阳区
朝阳区
朝阳区
朝阳区
朝阳区
朝阳区
朝阳区
朝阳区
丰台区
丰台区
丰台区
丰台区
门头沟区
门头沟区
门头沟区
门头沟区
门头沟区
门头沟区
门头沟区
门头沟区
朝阳区
朝阳区
朝阳区
朝阳区
朝阳区
丰台区
丰台区
丰台区
丰台区
东城区
东城区
东城区
朝阳区
石景山区
石景山区
石景山区
石景山区
石景山区
昌平区
昌平区
昌平区
昌平区
丰台区
丰台区
丰台区
丰台区
昌平区
昌平区
昌平区
昌平区
昌平区
丰台区
丰台区
丰台区
丰台区
丰台区
海淀区
海淀区
海淀区
海淀区
海淀区
海淀区
海淀区
海淀区
海淀区
海淀区
海淀区
海淀区
海淀区
朝阳区
朝阳区
朝阳区
朝阳区
朝阳区
东城区
东城区
东城区
东城区
东城区
东城区
东城区
东城区
东城区
东城区
东城区
朝阳区
东城区
东城区
朝阳区
朝阳区
朝阳区
朝阳区
朝阳区
朝阳区
朝阳区
朝阳区
丰台区
朝阳区
朝阳区
朝阳区
朝阳区
朝阳区
西城区
西城区
西城区
西城区
西城区
朝阳区
朝阳区
朝阳区
朝阳区
朝阳区
丰台区
丰台区
丰台区
丰台区
东城区
东城区
东城区
东城区
东城区
石景山区
石景山区
石景山区
石景山区
石景山区
朝阳区
朝阳区
朝阳区
朝阳区
东城区
丰台区
丰台区
丰台区
丰台区
朝阳区
朝阳区
朝阳区
朝阳区
朝阳区
朝阳区
朝阳区
朝阳区
朝阳区
朝阳区
朝阳区
丰台区
丰台区
丰台区
丰台区
丰台区
丰台区
丰台区
丰台区
丰台区
丰台区
丰台区
丰台区
丰台区
丰台区
丰台区
丰台区
丰台区
丰台区
丰台区
朝阳区
大兴区
朝阳区
朝阳区
西城区
西城区
西城区
西城区
朝阳区
朝阳区
朝阳区
朝阳区
朝阳区
朝阳区
朝阳区
朝阳区
朝阳区
朝阳区
朝阳区
朝阳区
朝阳区
朝阳区
朝阳区
朝阳区
丰台区
朝阳区
丰台区
丰台区
丰台区
丰台区
丰台区
丰台区
石景山区
门头沟区
石景山区
石景山区
门头沟区
朝阳区
朝阳区
朝阳区
朝阳区
朝阳区
朝阳区
朝阳区
朝阳区
朝阳区
朝阳区
朝阳区
朝阳区
朝阳区
朝阳区
丰台区
丰台区
丰台区
丰台区
朝阳区
朝阳区
朝阳区
朝阳区
朝阳区
朝阳区
昌平区
丰台区
丰台区
丰台区
丰台区
丰台区
朝阳区
朝阳区
朝阳区
朝阳区
朝阳区
丰台区
丰台区
丰台区
丰台区
丰台区
丰台区
丰台区
丰台区
丰台区
朝阳区
朝阳区
朝阳区
东城区
东城区
东城区
东城区
朝阳区
朝阳区
朝阳区
朝阳区
西城区
西城区
西城区
朝阳区
朝阳区
朝阳区
朝阳区
朝阳区
朝阳区
朝阳区
丰台区
丰台区
丰台区
丰台区
丰台区
丰台区
丰台区
丰台区
海淀区
海淀区
海淀区
海淀区
丰台区
丰台区
丰台区
丰台区
丰台区
朝阳区
朝阳区
朝阳区
朝阳区
朝阳区
朝阳区
朝阳区
朝阳区
房山区
房山区
房山区
房山区
房山区
房山区
房山区
房山区
房山区
房山区
房山区
房山区
房山区
房山区
房山区
海淀区
海淀区
海淀区
海淀区
海淀区
朝阳区
朝阳区
朝阳区
朝阳区
朝阳区
朝阳区
朝阳区
朝阳区
朝阳区
朝阳区
朝阳区
朝阳区
朝阳区
朝阳区
朝阳区
朝阳区
朝阳区
朝阳区
朝阳区
通州区
通州区
通州区
通州区
通州区
通州区
通州区
通州区
通州区
通州区
通州区
通州区
通州区
通州区
通州区
通州区
通州区
通州区
通州区
通州区
通州区
通州区
朝阳区
朝阳区
朝阳区
东城区
东城区
东城区
西城区
朝阳区
朝阳区
朝阳区
朝阳区
朝阳区
朝阳区
朝阳区
朝阳区
朝阳区
朝阳区
朝阳区
朝阳区
朝阳区
朝阳区
朝阳区
朝阳区
朝阳区
朝阳区
丰台区
丰台区
丰台区
丰台区
朝阳区
海淀区
海淀区
海淀区
海淀区
丰台区
丰台区
丰台区
丰台区
丰台区
丰台区
丰台区
丰台区
丰台区
丰台区
朝阳区
朝阳区
朝阳区
朝阳区
朝阳区
朝阳区
朝阳区
朝阳区
东城区
东城区
东城区
西城区
西城区
西城区
西城区
丰台区
丰台区
丰台区
丰台区
海淀区
海淀区
海淀区
海淀区
朝阳区
朝阳区
朝阳区
朝阳区
丰台区
丰台区
丰台区
丰台区
朝阳区
朝阳区
朝阳区
朝阳区
丰台区
丰台区
丰台区
丰台区
海淀区
海淀区
朝阳区
丰台区
丰台区
丰台区
朝阳区
朝阳区
朝阳区
朝阳区
朝阳区
朝阳区
朝阳区
朝阳区
朝阳区
丰台区
丰台区
丰台区
丰台区
朝阳区
朝阳区
朝阳区
朝阳区
朝阳区
朝阳区
朝阳区
朝阳区
朝阳区
朝阳区
朝阳区
朝阳区
朝阳区
朝阳区
朝阳区
朝阳区
丰台区
朝阳区
朝阳区
朝阳区
丰台区
丰台区
丰台区
丰台区
朝阳区
朝阳区
朝阳区
朝阳区
朝阳区
朝阳区
朝阳区
朝阳区
朝阳区
朝阳区
朝阳区
丰台区
丰台区
丰台区
丰台区
朝阳区
朝阳区
朝阳区
朝阳区
朝阳区
丰台区
丰台区
丰台区
丰台区
海淀区
西城区
西城区
西城区
西城区
西城区
西城区
朝阳区
朝阳区
朝阳区
朝阳区
朝阳区
朝阳区
朝阳区
朝阳区
朝阳区
朝阳区
朝阳区
朝阳区
朝阳区
朝阳区
朝阳区
朝阳区
朝阳区
东城区
东城区
东城区
海淀区
海淀区
海淀区
海淀区
海淀区
海淀区
海淀区
海淀区
海淀区
海淀区
房山区
丰台区
房山区
房山区
房山区
朝阳区
朝阳区
朝阳区
朝阳区
通州区
通州区
通州区
通州区
西城区
西城区
西城区
西城区
西城区
海淀区
海淀区
海淀区
通州区
通州区
通州区
通州区
丰台区
丰台区
丰台区
丰台区
丰台区
丰台区
丰台区
朝阳区
朝阳区
朝阳区
朝阳区
朝阳区
朝阳区
朝阳区
朝阳区
朝阳区
西城区
西城区
西城区
西城区
朝阳区
朝阳区
朝阳区
朝阳区
朝阳区
朝阳区
朝阳区
朝阳区
丰台区
丰台区
朝阳区
朝阳区
朝阳区
朝阳区
朝阳区
西城区
西城区
西城区
海淀区
海淀区
海淀区
朝阳区
朝阳区
朝阳区
朝阳区
东城区
大兴区
大兴区
大兴区
大兴区
大兴区
海淀区
海淀区
海淀区
海淀区
海淀区
朝阳区
朝阳区
朝阳区
朝阳区
丰台区
丰台区
丰台区
丰台区
丰台区
丰台区
丰台区
丰台区
丰台区
丰台区
大兴区
大兴区
大兴区
朝阳区
朝阳区
朝阳区
朝阳区
朝阳区
朝阳区
朝阳区
朝阳区
海淀区
海淀区
海淀区
海淀区
海淀区
东城区
西城区
西城区
西城区
朝阳区
朝阳区
朝阳区
朝阳区
朝阳区
朝阳区
朝阳区
朝阳区
朝阳区
朝阳区
朝阳区
朝阳区
朝阳区
朝阳区
朝阳区
朝阳区
朝阳区
朝阳区
丰台区
丰台区
丰台区
丰台区
丰台区
朝阳区
朝阳区
朝阳区
朝阳区
东城区
东城区
朝阳区
朝阳区
大兴区
大兴区
丰台区
大兴区
东城区
东城区
东城区
东城区
东城区
东城区
东城区
东城区
丰台区
丰台区
丰台区
丰台区
丰台区
丰台区
丰台区
丰台区
丰台区
丰台区
丰台区
丰台区
丰台区
丰台区
丰台区
丰台区
朝阳区
朝阳区
丰台区
丰台区
丰台区
朝阳区
朝阳区
朝阳区
朝阳区
海淀区
海淀区
海淀区
海淀区
海淀区
丰台区
丰台区
丰台区
丰台区
朝阳区
朝阳区
朝阳区
朝阳区
朝阳区
朝阳区
朝阳区
朝阳区
朝阳区
东城区
东城区
东城区
东城区
朝阳区
朝阳区
朝阳区
朝阳区
朝阳区
朝阳区
朝阳区
朝阳区
朝阳区
朝阳区
朝阳区
门头沟区
朝阳区
朝阳区
朝阳区
朝阳区
朝阳区
朝阳区
朝阳区
朝阳区
朝阳区
朝阳区
石景山区
石景山区
石景山区
大兴区
大兴区
大兴区
大兴区
大兴区
大兴区
大兴区
大兴区
大兴区
大兴区
海淀区
海淀区
海淀区
海淀区
东城区
东城区
东城区
东城区
东城区
东城区
朝阳区
朝阳区
朝阳区
东城区
朝阳区
朝阳区
朝阳区
朝阳区
通州区
通州区
通州区
海淀区
石景山区
大兴区
大兴区
大兴区
大兴区
大兴区
朝阳区
朝阳区
朝阳区
丰台区
丰台区
丰台区
朝阳区
朝阳区
朝阳区
朝阳区
朝阳区
朝阳区
朝阳区
朝阳区
朝阳区
朝阳区
朝阳区
朝阳区
朝阳区
朝阳区
朝阳区
朝阳区
朝阳区
朝阳区
朝阳区
朝阳区
朝阳区
朝阳区
朝阳区
朝阳区
朝阳区
朝阳区
朝阳区
朝阳区
朝阳区
朝阳区
朝阳区
朝阳区
朝阳区
朝阳区
朝阳区
朝阳区
朝阳区
朝阳区
朝阳区
朝阳区
朝阳区
朝阳区
朝阳区
朝阳区
朝阳区
朝阳区
朝阳区
通州区
通州区
通州区
通州区
通州区
通州区
朝阳区
朝阳区
朝阳区
朝阳区
朝阳区
东城区
东城区
东城区
朝阳区
朝阳区
朝阳区
朝阳区
朝阳区
朝阳区
朝阳区
朝阳区
朝阳区
朝阳区
朝阳区
朝阳区
朝阳区
朝阳区
朝阳区
朝阳区
东城区
朝阳区
朝阳区
朝阳区
朝阳区
朝阳区
朝阳区
朝阳区
朝阳区
朝阳区
朝阳区
朝阳区
朝阳区
朝阳区
朝阳区
朝阳区
朝阳区
朝阳区
朝阳区
朝阳区
朝阳区
朝阳区
朝阳区
东城区
朝阳区
东城区
东城区
朝阳区
朝阳区
朝阳区
朝阳区
朝阳区
朝阳区
顺义区
朝阳区
顺义区
朝阳区
顺义区
朝阳区
朝阳区
朝阳区
朝阳区
朝阳区
朝阳区
朝阳区
朝阳区
朝阳区
朝阳区
朝阳区
朝阳区
朝阳区
朝阳区
朝阳区
朝阳区
朝阳区
朝阳区
朝阳区
朝阳区
朝阳区
丰台区
丰台区
丰台区
丰台区
丰台区
丰台区
朝阳区
朝阳区
朝阳区
朝阳区
朝阳区
丰台区
丰台区
丰台区
丰台区
丰台区
丰台区
朝阳区
丰台区
丰台区
朝阳区
朝阳区
朝阳区
朝阳区
朝阳区
朝阳区
朝阳区
朝阳区
朝阳区
朝阳区
朝阳区
朝阳区
朝阳区
朝阳区
朝阳区
朝阳区
东城区
东城区
东城区
东城区
东城区
丰台区
东城区
东城区
东城区
东城区
朝阳区
朝阳区
朝阳区
朝阳区
朝阳区
朝阳区
大兴区
朝阳区
朝阳区
朝阳区
丰台区
丰台区
朝阳区
朝阳区
朝阳区
朝阳区
朝阳区
东城区
东城区
东城区
东城区
朝阳区
朝阳区
朝阳区
朝阳区
朝阳区
朝阳区
朝阳区
朝阳区
朝阳区
朝阳区
朝阳区
朝阳区
朝阳区
朝阳区
朝阳区
朝阳区
朝阳区
朝阳区
朝阳区
朝阳区
朝阳区
朝阳区
朝阳区
朝阳区
朝阳区
朝阳区
朝阳区
朝阳区
朝阳区
朝阳区
朝阳区
朝阳区
朝阳区
丰台区
丰台区
丰台区
朝阳区
朝阳区
朝阳区
朝阳区
朝阳区
朝阳区
朝阳区
朝阳区
朝阳区
朝阳区
朝阳区
朝阳区
朝阳区
朝阳区
朝阳区
朝阳区
朝阳区
朝阳区
朝阳区
朝阳区
海淀区
海淀区
海淀区
海淀区
昌平区
海淀区
海淀区
海淀区
海淀区
昌平区
海淀区
海淀区
海淀区
海淀区
昌平区
海淀区
海淀区
海淀区
海淀区
昌平区
海淀区
海淀区
海淀区
海淀区
海淀区
海淀区
海淀区
海淀区
海淀区
海淀区
海淀区
海淀区
海淀区
海淀区
海淀区
海淀区
海淀区
昌平区
海淀区
海淀区
海淀区
海淀区
昌平区
海淀区
海淀区
海淀区
海淀区
昌平区
西城区
丰台区
西城区
丰台区
丰台区
朝阳区
丰台区
朝阳区
朝阳区
朝阳区
朝阳区
朝阳区
朝阳区
朝阳区
丰台区
丰台区
丰台区
朝阳区
朝阳区
朝阳区
朝阳区
朝阳区
朝阳区
朝阳区
朝阳区
朝阳区
朝阳区
朝阳区
朝阳区
朝阳区
朝阳区
朝阳区
昌平区
昌平区
昌平区
东城区
东城区
东城区
东城区
东城区
东城区
东城区
东城区
东城区
东城区
丰台区
丰台区
朝阳区
朝阳区
朝阳区
朝阳区
朝阳区
朝阳区
朝阳区
朝阳区
东城区
东城区
东城区
东城区
东城区
东城区
东城区
东城区
东城区
朝阳区
朝阳区
朝阳区
朝阳区
朝阳区
朝阳区
朝阳区
朝阳区
朝阳区
朝阳区
朝阳区
朝阳区
丰台区
丰台区
海淀区
海淀区
丰台区
朝阳区
朝阳区
朝阳区
朝阳区
朝阳区
丰台区
丰台区
丰台区
朝阳区
朝阳区
朝阳区
朝阳区
朝阳区
朝阳区
朝阳区
朝阳区
朝阳区
朝阳区
朝阳区
朝阳区
朝阳区
朝阳区
朝阳区
朝阳区
朝阳区
朝阳区
朝阳区
朝阳区
朝阳区
朝阳区
朝阳区
朝阳区
朝阳区
朝阳区
朝阳区
朝阳区
朝阳区
朝阳区
朝阳区
丰台区
丰台区
东城区
丰台区
丰台区
丰台区
丰台区
东城区
丰台区
昌平区
海淀区
昌平区
昌平区
海淀区
昌平区
海淀区
昌平区
昌平区
海淀区
东城区
东城区
东城区
东城区
东城区
海淀区
海淀区
海淀区
朝阳区
朝阳区
朝阳区
朝阳区
朝阳区
朝阳区
朝阳区
朝阳区
朝阳区
朝阳区
朝阳区
东城区
东城区
东城区
东城区
朝阳区
朝阳区
朝阳区
东城区
朝阳区
朝阳区
朝阳区
东城区
朝阳区
朝阳区
朝阳区
朝阳区
海淀区
朝阳区
通州区
通州区
大兴区
大兴区
大兴区
大兴区
海淀区
海淀区
海淀区
海淀区
朝阳区
朝阳区
海淀区
海淀区
海淀区
海淀区
海淀区
朝阳区
东城区
东城区
东城区
东城区
朝阳区
朝阳区
朝阳区
朝阳区
朝阳区
朝阳区
朝阳区
朝阳区
朝阳区
朝阳区
朝阳区
海淀区
海淀区
海淀区
朝阳区
朝阳区
朝阳区
朝阳区
朝阳区
朝阳区
朝阳区
朝阳区
朝阳区
朝阳区
朝阳区
朝阳区
朝阳区
朝阳区
朝阳区
朝阳区
朝阳区
朝阳区
朝阳区
朝阳区
朝阳区
朝阳区
朝阳区
朝阳区
昌平区
昌平区
昌平区
朝阳区
朝阳区
朝阳区
朝阳区
朝阳区
昌平区
昌平区
昌平区
石景山区
石景山区
石景山区
石景山区
石景山区
房山区
房山区
房山区
房山区
房山区
朝阳区
朝阳区
朝阳区
朝阳区
朝阳区
朝阳区
朝阳区
朝阳区
朝阳区
朝阳区
朝阳区
朝阳区
朝阳区
朝阳区
朝阳区
朝阳区
朝阳区
朝阳区
朝阳区
朝阳区
朝阳区
朝阳区
朝阳区
朝阳区
朝阳区
朝阳区
朝阳区
朝阳区
朝阳区
朝阳区
朝阳区
朝阳区
朝阳区
朝阳区
朝阳区
丰台区
丰台区
丰台区
丰台区
朝阳区
丰台区
丰台区
丰台区
丰台区
朝阳区
丰台区
丰台区
丰台区
丰台区
朝阳区
朝阳区
朝阳区
丰台区
东城区
东城区
朝阳区
朝阳区
朝阳区
朝阳区
通州区
通州区
通州区
通州区
通州区
通州区
通州区
通州区
通州区
通州区
通州区
通州区
通州区
通州区
通州区
通州区
房山区
房山区
朝阳区
西城区
朝阳区
西城区
朝阳区
朝阳区
西城区
朝阳区
西城区
朝阳区
东城区
东城区
东城区
房山区
房山区
房山区
朝阳区
朝阳区
朝阳区
朝阳区
朝阳区
朝阳区
朝阳区
朝阳区
朝阳区
东城区
东城区
东城区
东城区
东城区
东城区
东城区
东城区
朝阳区
朝阳区
朝阳区
朝阳区
朝阳区
朝阳区
朝阳区
朝阳区
朝阳区
朝阳区
朝阳区
朝阳区
海淀区
海淀区
海淀区
海淀区
海淀区
怀柔区
怀柔区
怀柔区
丰台区
丰台区
丰台区
朝阳区
朝阳区
朝阳区
朝阳区
朝阳区
朝阳区
朝阳区
朝阳区
朝阳区
朝阳区
朝阳区
朝阳区
朝阳区
朝阳区
朝阳区
朝阳区
朝阳区
朝阳区
朝阳区
朝阳区
朝阳区
朝阳区
朝阳区
朝阳区
朝阳区
朝阳区
朝阳区
朝阳区
朝阳区
朝阳区
朝阳区
朝阳区
朝阳区
朝阳区
朝阳区
朝阳区
朝阳区
朝阳区
朝阳区
朝阳区
朝阳区
朝阳区
朝阳区
朝阳区
朝阳区
朝阳区
朝阳区
朝阳区
朝阳区
朝阳区
朝阳区
朝阳区
朝阳区
东城区
东城区
东城区
东城区
东城区
东城区
朝阳区
昌平区
昌平区
朝阳区
朝阳区
通州区
通州区
通州区
通州区
通州区
朝阳区
朝阳区
朝阳区
石景山区
石景山区
石景山区
海淀区
西城区
西城区
西城区
西城区
西城区
朝阳区
朝阳区
朝阳区
朝阳区
朝阳区
大兴区
通州区
通州区
通州区
通州区
通州区
通州区
通州区
通州区
通州区
通州区
朝阳区
朝阳区
朝阳区
朝阳区
朝阳区
西城区
西城区
西城区
西城区
西城区
西城区
西城区
西城区
丰台区
丰台区
丰台区
朝阳区
朝阳区
朝阳区
朝阳区
朝阳区
朝阳区
朝阳区
朝阳区
海淀区
海淀区
海淀区
海淀区
海淀区
海淀区
朝阳区
朝阳区
朝阳区
朝阳区
朝阳区
朝阳区
朝阳区
朝阳区
朝阳区
朝阳区
朝阳区
朝阳区
西城区
西城区
西城区
西城区
西城区
丰台区
丰台区
丰台区
丰台区
丰台区
朝阳区
朝阳区
朝阳区
朝阳区
朝阳区
东城区
东城区
东城区
东城区
昌平区
昌平区
昌平区
朝阳区
朝阳区
朝阳区
朝阳区
东城区
东城区
东城区
东城区
西城区
西城区
西城区
西城区
西城区
朝阳区
朝阳区
朝阳区
朝阳区
海淀区
朝阳区
朝阳区
朝阳区
朝阳区
朝阳区
朝阳区
朝阳区
朝阳区
朝阳区
西城区
朝阳区
西城区
西城区
西城区
朝阳区
朝阳区
朝阳区
朝阳区
海淀区
海淀区
海淀区
丰台区
丰台区
丰台区
丰台区
丰台区
丰台区
丰台区
丰台区
朝阳区
朝阳区
朝阳区
丰台区
丰台区
朝阳区
朝阳区
朝阳区
朝阳区
朝阳区
朝阳区
朝阳区
朝阳区
朝阳区
密云县
海淀区
海淀区
海淀区
海淀区
海淀区
朝阳区
朝阳区
朝阳区
朝阳区
朝阳区
朝阳区
朝阳区
昌平区
朝阳区
朝阳区
海淀区
海淀区
海淀区
朝阳区
朝阳区
海淀区
海淀区
海淀区
朝阳区
朝阳区
丰台区
丰台区
丰台区
丰台区
丰台区
丰台区
丰台区
丰台区
丰台区
丰台区
丰台区
丰台区
丰台区
丰台区
丰台区
丰台区
丰台区
丰台区
丰台区
丰台区
丰台区
丰台区
丰台区
丰台区
丰台区
丰台区
丰台区
丰台区
丰台区
丰台区
丰台区
丰台区
丰台区
丰台区
丰台区
丰台区
丰台区
丰台区
丰台区
丰台区
丰台区
丰台区
丰台区
丰台区
丰台区
丰台区
丰台区
丰台区
丰台区
丰台区
丰台区
丰台区
丰台区
丰台区
丰台区
丰台区
朝阳区
朝阳区
朝阳区
朝阳区
朝阳区
朝阳区
朝阳区
朝阳区
朝阳区
朝阳区
朝阳区
朝阳区
朝阳区
朝阳区
朝阳区
朝阳区
朝阳区
海淀区
海淀区
海淀区
海淀区
海淀区
朝阳区
朝阳区
朝阳区
朝阳区
朝阳区
海淀区
海淀区
海淀区
海淀区
海淀区
东城区
东城区
东城区
东城区
东城区
朝阳区
东城区
东城区
东城区
东城区
朝阳区
朝阳区
朝阳区
东城区
东城区
朝阳区
朝阳区
朝阳区
东城区
朝阳区
朝阳区
朝阳区
朝阳区
朝阳区
朝阳区
朝阳区
朝阳区
朝阳区
丰台区
丰台区
丰台区
丰台区
朝阳区
朝阳区
朝阳区
朝阳区
朝阳区
丰台区
丰台区
丰台区
丰台区
朝阳区
朝阳区
朝阳区
朝阳区
大兴区
大兴区
大兴区
大兴区
朝阳区
朝阳区
朝阳区
朝阳区
朝阳区
海淀区
海淀区
西城区
西城区
西城区
西城区
通州区
通州区
通州区
通州区
通州区
丰台区
丰台区
丰台区
丰台区
丰台区
丰台区
丰台区
丰台区
东城区
东城区
东城区
东城区
石景山区
东城区
东城区
昌平区
昌平区
朝阳区
昌平区
昌平区
朝阳区
朝阳区
朝阳区
朝阳区
朝阳区
朝阳区
朝阳区
朝阳区
朝阳区
朝阳区
朝阳区
朝阳区
朝阳区
朝阳区
朝阳区
丰台区
丰台区
丰台区
丰台区
朝阳区
朝阳区
朝阳区
朝阳区
朝阳区
朝阳区
海淀区
海淀区
丰台区
丰台区
丰台区
丰台区
丰台区
朝阳区
朝阳区
朝阳区
朝阳区
朝阳区
朝阳区
朝阳区
朝阳区
朝阳区
朝阳区
朝阳区
朝阳区
朝阳区
西城区
西城区
西城区
西城区
西城区
西城区
西城区
西城区
西城区
西城区
西城区
西城区
西城区
西城区
西城区
西城区
东城区
东城区
东城区
东城区
东城区
东城区
东城区
东城区
海淀区
海淀区
海淀区
海淀区
海淀区
朝阳区
朝阳区
朝阳区
朝阳区
朝阳区
朝阳区
丰台区
朝阳区
丰台区
朝阳区
朝阳区
丰台区
朝阳区
丰台区
朝阳区
朝阳区
朝阳区
朝阳区
朝阳区
朝阳区
朝阳区
朝阳区
朝阳区
朝阳区
朝阳区
朝阳区
朝阳区
朝阳区
朝阳区
丰台区
丰台区
丰台区
丰台区
丰台区
海淀区
海淀区
海淀区
海淀区
海淀区
海淀区
海淀区
海淀区
海淀区
海淀区
海淀区
海淀区
海淀区
朝阳区
朝阳区
朝阳区
朝阳区
朝阳区
朝阳区
朝阳区
朝阳区
朝阳区
朝阳区
朝阳区
朝阳区
朝阳区
朝阳区
大兴区
大兴区
大兴区
大兴区
朝阳区
朝阳区
朝阳区
朝阳区
朝阳区
海淀区
海淀区
海淀区
海淀区
朝阳区
朝阳区
朝阳区
朝阳区
朝阳区
西城区
西城区
西城区
朝阳区
朝阳区
朝阳区
朝阳区
朝阳区
丰台区
丰台区
朝阳区
朝阳区
朝阳区
东城区
东城区
东城区
东城区
朝阳区
朝阳区
东城区
东城区
朝阳区
朝阳区
东城区
东城区
海淀区
海淀区
海淀区
海淀区
海淀区
朝阳区
朝阳区
朝阳区
朝阳区
海淀区
西城区
海淀区
西城区
海淀区
西城区
海淀区
朝阳区
朝阳区
朝阳区
朝阳区
朝阳区
朝阳区
朝阳区
朝阳区
朝阳区
朝阳区
朝阳区
朝阳区
朝阳区
朝阳区
朝阳区
朝阳区
朝阳区
朝阳区
朝阳区
朝阳区
朝阳区
朝阳区
朝阳区
朝阳区
朝阳区
朝阳区
朝阳区
朝阳区
朝阳区
朝阳区
朝阳区
朝阳区
朝阳区
朝阳区
朝阳区
朝阳区
朝阳区
朝阳区
朝阳区
朝阳区
朝阳区
朝阳区
朝阳区
朝阳区
朝阳区
朝阳区
朝阳区
朝阳区
朝阳区
朝阳区
朝阳区
朝阳区
朝阳区
朝阳区
海淀区
海淀区
海淀区
海淀区
海淀区
东城区
西城区
西城区
西城区
西城区
海淀区
海淀区
海淀区
海淀区
海淀区
通州区
通州区
通州区
通州区
通州区
丰台区
丰台区
丰台区
丰台区
丰台区
朝阳区
朝阳区
朝阳区
朝阳区
东城区
东城区
东城区
东城区
东城区
丰台区
丰台区
丰台区
丰台区
丰台区
朝阳区
通州区
通州区
通州区
通州区
丰台区
丰台区
丰台区
丰台区
大兴区
朝阳区
朝阳区
朝阳区
朝阳区
朝阳区
朝阳区
朝阳区
朝阳区
朝阳区
朝阳区
西城区
西城区
西城区
西城区
丰台区
朝阳区
朝阳区
朝阳区
朝阳区
朝阳区
朝阳区
朝阳区
朝阳区
朝阳区
朝阳区
朝阳区
朝阳区
朝阳区
朝阳区
朝阳区
朝阳区
朝阳区
朝阳区
朝阳区
朝阳区
朝阳区
朝阳区
朝阳区
西城区
西城区
西城区
西城区
西城区
朝阳区
朝阳区
朝阳区
朝阳区
朝阳区
朝阳区
朝阳区
朝阳区
朝阳区
朝阳区
朝阳区
朝阳区
朝阳区
大兴区
大兴区
大兴区
大兴区
朝阳区
朝阳区
朝阳区
朝阳区
朝阳区
房山区
朝阳区
朝阳区
朝阳区
东城区
东城区
东城区
东城区
东城区
朝阳区
朝阳区
朝阳区
海淀区
朝阳区
朝阳区
朝阳区
朝阳区
朝阳区
朝阳区
朝阳区
朝阳区
朝阳区
海淀区
海淀区
海淀区
海淀区
海淀区
大兴区
大兴区
大兴区
大兴区
大兴区
大兴区
大兴区
大兴区
大兴区
大兴区
朝阳区
朝阳区
朝阳区
东城区
东城区
东城区
东城区
东城区
朝阳区
朝阳区
朝阳区
朝阳区
朝阳区
朝阳区
朝阳区
朝阳区
朝阳区
朝阳区
朝阳区
朝阳区
丰台区
丰台区
丰台区
朝阳区
东城区
东城区
朝阳区
东城区
东城区
朝阳区
东城区
东城区
东城区
东城区
东城区
昌平区
昌平区
顺义区
昌平区
顺义区
东城区
东城区
东城区
东城区
东城区
大兴区
大兴区
大兴区
大兴区
东城区
东城区
朝阳区
东城区
朝阳区
朝阳区
朝阳区
朝阳区
朝阳区
朝阳区
朝阳区
朝阳区
朝阳区
朝阳区
朝阳区
朝阳区
朝阳区
朝阳区
朝阳区
朝阳区
朝阳区
朝阳区
朝阳区
朝阳区
朝阳区
朝阳区
朝阳区
朝阳区
朝阳区
朝阳区
朝阳区
朝阳区
朝阳区
朝阳区
朝阳区
朝阳区
朝阳区
东城区
东城区
东城区
东城区
朝阳区
朝阳区
朝阳区
朝阳区
朝阳区
朝阳区
朝阳区
朝阳区
朝阳区
朝阳区
东城区
东城区
东城区
东城区
东城区
东城区
东城区
东城区
朝阳区
朝阳区
朝阳区
朝阳区
朝阳区
朝阳区
朝阳区
朝阳区
朝阳区
朝阳区
朝阳区
朝阳区
朝阳区
东城区
海淀区
海淀区
西城区
西城区
东城区
海淀区
海淀区
西城区
西城区
东城区
东城区
东城区
朝阳区
朝阳区
朝阳区
朝阳区
朝阳区
朝阳区
朝阳区
朝阳区
朝阳区
朝阳区
东城区
西城区
丰台区
丰台区
丰台区
大兴区
大兴区
大兴区
大兴区
大兴区
朝阳区
朝阳区
朝阳区
朝阳区
朝阳区
朝阳区
朝阳区
朝阳区
朝阳区
朝阳区
朝阳区
朝阳区
朝阳区
朝阳区
朝阳区
朝阳区
朝阳区
朝阳区
朝阳区
朝阳区
朝阳区
朝阳区
朝阳区
东城区
朝阳区
昌平区
昌平区
东城区
朝阳区
东城区
东城区
朝阳区
东城区
东城区
东城区
东城区
东城区
东城区
东城区
东城区
东城区
丰台区
丰台区
丰台区
丰台区
通州区
通州区
朝阳区
朝阳区
朝阳区
朝阳区
朝阳区
朝阳区
朝阳区
朝阳区
朝阳区
朝阳区
丰台区
朝阳区
朝阳区
朝阳区
朝阳区
朝阳区
朝阳区
朝阳区
朝阳区
朝阳区
朝阳区
朝阳区
朝阳区
朝阳区
朝阳区
朝阳区
朝阳区
朝阳区
朝阳区
朝阳区
丰台区
丰台区
丰台区
丰台区
丰台区
丰台区
丰台区
丰台区
丰台区
丰台区
丰台区
丰台区
丰台区
丰台区
丰台区
丰台区
丰台区
朝阳区
朝阳区
朝阳区
朝阳区
朝阳区
朝阳区
朝阳区
朝阳区
朝阳区
朝阳区
朝阳区
朝阳区
朝阳区
朝阳区
朝阳区
朝阳区
朝阳区
朝阳区
朝阳区
朝阳区
朝阳区
丰台区
丰台区
丰台区
丰台区
丰台区
丰台区
朝阳区
丰台区
丰台区
丰台区
朝阳区
朝阳区
通州区
通州区
通州区
通州区
通州区
通州区
朝阳区
朝阳区
朝阳区
朝阳区
东城区
东城区
东城区
东城区
东城区
朝阳区
朝阳区
朝阳区
朝阳区
朝阳区
朝阳区
朝阳区
朝阳区
朝阳区
朝阳区
朝阳区
朝阳区
朝阳区
朝阳区
朝阳区
朝阳区
东城区
东城区
东城区
东城区
东城区
东城区
东城区
海淀区
海淀区
海淀区
海淀区
海淀区
朝阳区
朝阳区
东城区
东城区
东城区
东城区
东城区
东城区
东城区
东城区
大兴区
大兴区
大兴区
大兴区
大兴区
大兴区
大兴区
大兴区
大兴区
大兴区
朝阳区
朝阳区
朝阳区
丰台区
丰台区
丰台区
丰台区
丰台区
丰台区
丰台区
丰台区
丰台区
丰台区
丰台区
海淀区
海淀区
海淀区
海淀区
海淀区
东城区
东城区
东城区
东城区
东城区
丰台区
丰台区
丰台区
丰台区
丰台区
丰台区
丰台区
丰台区
朝阳区
朝阳区
朝阳区
朝阳区
朝阳区
西城区
西城区
西城区
海淀区
海淀区
海淀区
朝阳区
朝阳区
朝阳区
朝阳区
朝阳区
东城区
东城区
东城区
海淀区
海淀区
海淀区
海淀区
海淀区
朝阳区
朝阳区
朝阳区
朝阳区
朝阳区
朝阳区
朝阳区
朝阳区
通州区
通州区
通州区
通州区
丰台区
丰台区
丰台区
丰台区
丰台区
海淀区
朝阳区
海淀区
朝阳区
大兴区
大兴区
大兴区
大兴区
大兴区
朝阳区
朝阳区
朝阳区
朝阳区
大兴区
大兴区
大兴区
大兴区
朝阳区
朝阳区
朝阳区
朝阳区
朝阳区
东城区
东城区
东城区
东城区
海淀区
海淀区
海淀区
朝阳区
朝阳区
朝阳区
朝阳区
朝阳区
西城区
西城区
西城区
西城区
西城区
朝阳区
朝阳区
朝阳区
朝阳区
朝阳区
丰台区
丰台区
丰台区
丰台区
朝阳区
朝阳区
朝阳区
朝阳区
朝阳区
朝阳区
海淀区
海淀区
海淀区
顺义区
顺义区
顺义区
顺义区
东城区
东城区
东城区
朝阳区
朝阳区
丰台区
西城区
西城区
西城区
西城区
朝阳区
朝阳区
朝阳区
朝阳区
朝阳区
大兴区
大兴区
通州区
通州区
通州区
通州区
通州区
通州区
通州区
通州区
朝阳区
东城区
朝阳区
朝阳区
朝阳区
朝阳区
朝阳区
昌平区
昌平区
昌平区
昌平区
昌平区
朝阳区
大兴区
大兴区
朝阳区
朝阳区
朝阳区
朝阳区
朝阳区
朝阳区
朝阳区
朝阳区
朝阳区
朝阳区
通州区
通州区
通州区
通州区
丰台区
丰台区
丰台区
丰台区
丰台区
朝阳区
朝阳区
朝阳区
朝阳区
朝阳区
朝阳区
朝阳区
朝阳区
朝阳区
朝阳区
朝阳区
朝阳区
朝阳区
朝阳区
朝阳区
朝阳区
朝阳区
朝阳区
海淀区
海淀区
海淀区
海淀区
东城区
东城区
东城区
东城区
东城区
东城区
东城区
东城区
海淀区
海淀区
海淀区
海淀区
海淀区
朝阳区
朝阳区
朝阳区
朝阳区
朝阳区
朝阳区
丰台区
丰台区
丰台区
朝阳区
朝阳区
朝阳区
朝阳区
朝阳区
朝阳区
朝阳区
朝阳区
朝阳区
朝阳区
朝阳区
朝阳区
朝阳区
朝阳区
朝阳区
朝阳区
朝阳区
朝阳区
海淀区
海淀区
海淀区
海淀区
海淀区
海淀区
海淀区
大兴区
大兴区
大兴区
大兴区
大兴区
西城区
西城区
西城区
西城区
西城区
丰台区
丰台区
丰台区
丰台区
丰台区
朝阳区
朝阳区
朝阳区
朝阳区
朝阳区
海淀区
海淀区
海淀区
海淀区
海淀区
西城区
西城区
西城区
朝阳区
朝阳区
朝阳区
朝阳区
朝阳区
朝阳区
朝阳区
朝阳区
朝阳区
朝阳区
海淀区
海淀区
海淀区
大兴区
大兴区
大兴区
大兴区
房山区
房山区
房山区
房山区
朝阳区
朝阳区
通州区
朝阳区
朝阳区
通州区
朝阳区
朝阳区
朝阳区
朝阳区
东城区
东城区
东城区
东城区
东城区
东城区
东城区
东城区
东城区
东城区
通州区
通州区
通州区
通州区
朝阳区
朝阳区
朝阳区
朝阳区
朝阳区
朝阳区
朝阳区
朝阳区
朝阳区
朝阳区
朝阳区
朝阳区
朝阳区
朝阳区
丰台区
丰台区
丰台区
丰台区
大兴区
大兴区
大兴区
大兴区
大兴区
大兴区
大兴区
朝阳区
朝阳区
朝阳区
朝阳区
朝阳区
朝阳区
朝阳区
朝阳区
朝阳区
朝阳区
海淀区
海淀区
海淀区
朝阳区
朝阳区
朝阳区
朝阳区
丰台区
丰台区
丰台区
丰台区
丰台区
丰台区
丰台区
丰台区
丰台区
丰台区
朝阳区
朝阳区
朝阳区
朝阳区
朝阳区
朝阳区
朝阳区
朝阳区
朝阳区
海淀区
海淀区
海淀区
丰台区
丰台区
丰台区
丰台区
丰台区
丰台区
丰台区
丰台区
丰台区
丰台区
丰台区
丰台区
丰台区
东城区
东城区
东城区
朝阳区
朝阳区
朝阳区
朝阳区
朝阳区
朝阳区
朝阳区
朝阳区
朝阳区
通州区
通州区
大兴区
大兴区
大兴区
大兴区
丰台区
大兴区
大兴区
大兴区
大兴区
丰台区
石景山区
石景山区
石景山区
石景山区
石景山区
通州区
通州区
通州区
通州区
通州区
朝阳区
朝阳区
朝阳区
海淀区
海淀区
海淀区
海淀区
海淀区
丰台区
丰台区
丰台区
丰台区
丰台区
朝阳区
朝阳区
朝阳区
朝阳区
朝阳区
朝阳区
朝阳区
朝阳区
海淀区
海淀区
海淀区
海淀区
海淀区
房山区
房山区
房山区
朝阳区
朝阳区
朝阳区
朝阳区
朝阳区
朝阳区
朝阳区
朝阳区
朝阳区
朝阳区
朝阳区
朝阳区
朝阳区
朝阳区
朝阳区
朝阳区
朝阳区
丰台区
丰台区
朝阳区
朝阳区
朝阳区
海淀区
朝阳区
朝阳区
朝阳区
朝阳区
朝阳区
朝阳区
朝阳区
朝阳区
丰台区
丰台区
大兴区
大兴区
通州区
通州区
通州区
海淀区
海淀区
海淀区
海淀区
海淀区
房山区
房山区
房山区
房山区
房山区
房山区
房山区
房山区
房山区
房山区
通州区
大兴区
通州区
大兴区
通州区
通州区
大兴区
通州区
大兴区
通州区
丰台区
丰台区
丰台区
丰台区
丰台区
朝阳区
朝阳区
朝阳区
朝阳区
朝阳区
朝阳区
朝阳区
朝阳区
朝阳区
朝阳区
朝阳区
朝阳区
海淀区
海淀区
海淀区
海淀区
朝阳区
朝阳区
朝阳区
朝阳区
朝阳区
朝阳区
通州区
通州区
通州区
通州区
通州区
通州区
通州区
通州区
丰台区
丰台区
丰台区
丰台区
海淀区
海淀区
丰台区
丰台区
丰台区
丰台区
丰台区
丰台区
丰台区
丰台区
丰台区
丰台区
丰台区
丰台区
丰台区
海淀区
海淀区
丰台区
丰台区
丰台区
丰台区
丰台区
丰台区
朝阳区
昌平区
昌平区
朝阳区
朝阳区
朝阳区
朝阳区
朝阳区
朝阳区
朝阳区
朝阳区
朝阳区
朝阳区
朝阳区
朝阳区
朝阳区
朝阳区
朝阳区
朝阳区
朝阳区
朝阳区
朝阳区
朝阳区
朝阳区
朝阳区
朝阳区
朝阳区
朝阳区
朝阳区
朝阳区
朝阳区
朝阳区
朝阳区
丰台区
丰台区
丰台区
丰台区
海淀区
海淀区
海淀区
海淀区
海淀区
海淀区
海淀区
海淀区
海淀区
丰台区
丰台区
丰台区
通州区
通州区
通州区
通州区
通州区
朝阳区
朝阳区
朝阳区
朝阳区
房山区
丰台区
丰台区
丰台区
丰台区
丰台区
丰台区
丰台区
丰台区
丰台区
朝阳区
朝阳区
朝阳区
朝阳区
朝阳区
朝阳区
朝阳区
朝阳区
朝阳区
丰台区
丰台区
丰台区
丰台区
丰台区
朝阳区
丰台区
丰台区
丰台区
丰台区
东城区
东城区
东城区
东城区
东城区
海淀区
海淀区
海淀区
海淀区
海淀区
通州区
通州区
通州区
通州区
通州区
通州区
通州区
通州区
通州区
通州区
朝阳区
朝阳区
朝阳区
朝阳区
朝阳区
朝阳区
朝阳区
朝阳区
朝阳区
朝阳区
朝阳区
朝阳区
朝阳区
朝阳区
通州区
通州区
通州区
通州区
通州区
朝阳区
朝阳区
朝阳区
朝阳区
朝阳区
海淀区
海淀区
海淀区
海淀区
海淀区
朝阳区
朝阳区
朝阳区
朝阳区
西城区
西城区
西城区
西城区
西城区
朝阳区
朝阳区
朝阳区
朝阳区
朝阳区
朝阳区
朝阳区
朝阳区
朝阳区
朝阳区
朝阳区
朝阳区
朝阳区
朝阳区
朝阳区
朝阳区
朝阳区
朝阳区
通州区
通州区
通州区
通州区
通州区
通州区
通州区
通州区
丰台区
丰台区
丰台区
朝阳区
朝阳区
朝阳区
朝阳区
海淀区
海淀区
西城区
西城区
西城区
朝阳区
朝阳区
朝阳区
朝阳区
朝阳区
海淀区
海淀区
海淀区
海淀区
海淀区
东城区
东城区
东城区
东城区
朝阳区
朝阳区
朝阳区
朝阳区
朝阳区
朝阳区
朝阳区
朝阳区
朝阳区
朝阳区
朝阳区
朝阳区
朝阳区
朝阳区
朝阳区
朝阳区
朝阳区
朝阳区
朝阳区
朝阳区
朝阳区
朝阳区
朝阳区
朝阳区
朝阳区
朝阳区
朝阳区
朝阳区
朝阳区
朝阳区
朝阳区
朝阳区
朝阳区
朝阳区
朝阳区
朝阳区
朝阳区
朝阳区
朝阳区
朝阳区
朝阳区
朝阳区
朝阳区
朝阳区
朝阳区
朝阳区
朝阳区
朝阳区
朝阳区
朝阳区
朝阳区
朝阳区
朝阳区
朝阳区
东城区
东城区
东城区
东城区
东城区
大兴区
大兴区
大兴区
大兴区
大兴区
大兴区
大兴区
大兴区
大兴区
海淀区
海淀区
海淀区
东城区
东城区
东城区
东城区
东城区
海淀区
海淀区
海淀区
海淀区
海淀区
通州区
通州区
通州区
通州区
丰台区
丰台区
丰台区
丰台区
朝阳区
朝阳区
朝阳区
朝阳区
丰台区
丰台区
丰台区
朝阳区
朝阳区
朝阳区
朝阳区
房山区
房山区
房山区
房山区
房山区
朝阳区
朝阳区
朝阳区
朝阳区
朝阳区
朝阳区
朝阳区
朝阳区
朝阳区
朝阳区
朝阳区
朝阳区
朝阳区
丰台区
丰台区
丰台区
丰台区
朝阳区
朝阳区
朝阳区
朝阳区
丰台区
丰台区
东城区
西城区
丰台区
丰台区
丰台区
丰台区
房山区
房山区
丰台区
丰台区
丰台区
丰台区
丰台区
朝阳区
朝阳区
朝阳区
朝阳区
朝阳区
朝阳区
朝阳区
朝阳区
朝阳区
朝阳区
朝阳区
朝阳区
朝阳区
朝阳区
朝阳区
朝阳区
朝阳区
大兴区
大兴区
大兴区
大兴区
房山区
房山区
房山区
房山区
房山区
丰台区
丰台区
丰台区
丰台区
丰台区
丰台区
丰台区
丰台区
丰台区
朝阳区
朝阳区
朝阳区
朝阳区
朝阳区
朝阳区
朝阳区
朝阳区
朝阳区
朝阳区
朝阳区
朝阳区
朝阳区
朝阳区
朝阳区
朝阳区
朝阳区
朝阳区
丰台区
丰台区
丰台区
丰台区
丰台区
大兴区
大兴区
大兴区
大兴区
大兴区
朝阳区
朝阳区
朝阳区
朝阳区
朝阳区
朝阳区
朝阳区
朝阳区
朝阳区
丰台区
丰台区
丰台区
丰台区
丰台区
丰台区
丰台区
丰台区
丰台区
丰台区
丰台区
丰台区
丰台区
丰台区
丰台区
丰台区
丰台区
丰台区
朝阳区
朝阳区
丰台区
丰台区
丰台区
丰台区
丰台区
丰台区
丰台区
丰台区
丰台区
丰台区
丰台区
丰台区
丰台区
丰台区
丰台区
丰台区
丰台区
丰台区
西城区
西城区
西城区
西城区
朝阳区
朝阳区
朝阳区
朝阳区
大兴区
大兴区
大兴区
大兴区
朝阳区
朝阳区
朝阳区
朝阳区
朝阳区
朝阳区
朝阳区
朝阳区
朝阳区
朝阳区
朝阳区
朝阳区
朝阳区
朝阳区
大兴区
大兴区
大兴区
大兴区
大兴区
海淀区
海淀区
西城区
海淀区
海淀区
海淀区
海淀区
海淀区
海淀区
海淀区
海淀区
海淀区
海淀区
海淀区
海淀区
丰台区
丰台区
丰台区
丰台区
丰台区
朝阳区
朝阳区
朝阳区
朝阳区
朝阳区
朝阳区
朝阳区
朝阳区
朝阳区
东城区
朝阳区
朝阳区
朝阳区
朝阳区
朝阳区
朝阳区
朝阳区
朝阳区
朝阳区
朝阳区
朝阳区
朝阳区
通州区
通州区
通州区
通州区
朝阳区
朝阳区
朝阳区
朝阳区
朝阳区
丰台区
丰台区
丰台区
丰台区
丰台区
东城区
东城区
东城区
东城区
东城区
东城区
东城区
东城区
东城区
东城区
丰台区
丰台区
丰台区
丰台区
丰台区
丰台区
朝阳区
朝阳区
朝阳区
朝阳区
朝阳区
朝阳区
朝阳区
朝阳区
朝阳区
东城区
东城区
东城区
丰台区
丰台区
丰台区
丰台区
丰台区
朝阳区
朝阳区
东城区
朝阳区
朝阳区
朝阳区
朝阳区
朝阳区
朝阳区
朝阳区
朝阳区
海淀区
海淀区
海淀区
朝阳区
丰台区
丰台区
丰台区
朝阳区
朝阳区
朝阳区
朝阳区
朝阳区
朝阳区
朝阳区
朝阳区
朝阳区
朝阳区
朝阳区
丰台区
丰台区
丰台区
丰台区
丰台区
丰台区
丰台区
朝阳区
朝阳区
朝阳区
朝阳区
朝阳区
朝阳区
朝阳区
朝阳区
海淀区
海淀区
海淀区
海淀区
海淀区
海淀区
海淀区
海淀区
海淀区
海淀区
海淀区
海淀区
朝阳区
丰台区
丰台区
丰台区
东城区
东城区
丰台区
丰台区
丰台区
大兴区
大兴区
大兴区
丰台区
丰台区
丰台区
丰台区
丰台区
大兴区
朝阳区
朝阳区
朝阳区
朝阳区
大兴区
大兴区
大兴区
大兴区
大兴区
朝阳区
朝阳区
朝阳区
朝阳区
通州区
通州区
朝阳区
丰台区
丰台区
丰台区
丰台区
海淀区
海淀区
海淀区
海淀区
海淀区
房山区
房山区
房山区
丰台区
海淀区
海淀区
海淀区
海淀区
海淀区
海淀区
海淀区
海淀区
海淀区
海淀区
通州区
通州区
通州区
通州区
通州区
朝阳区
朝阳区
朝阳区
朝阳区
朝阳区
朝阳区
朝阳区
朝阳区
朝阳区
朝阳区
朝阳区
朝阳区
通州区
通州区
通州区
朝阳区
朝阳区
朝阳区
朝阳区
朝阳区
房山区
房山区
房山区
房山区
房山区
房山区
朝阳区
朝阳区
朝阳区
朝阳区
朝阳区
朝阳区
朝阳区
朝阳区
朝阳区
朝阳区
朝阳区
朝阳区
大兴区
大兴区
大兴区
大兴区
朝阳区
朝阳区
朝阳区
朝阳区
朝阳区
朝阳区
朝阳区
朝阳区
朝阳区
朝阳区
通州区
通州区
通州区
朝阳区
通州区
通州区
通州区
通州区
通州区
通州区
大兴区
大兴区
通州区
大兴区
大兴区
大兴区
大兴区
大兴区
大兴区
丰台区
丰台区
丰台区
丰台区
丰台区
门头沟区
门头沟区
门头沟区
门头沟区
门头沟区
丰台区
丰台区
丰台区
丰台区
西城区
西城区
西城区
西城区
西城区
丰台区
丰台区
丰台区
丰台区
丰台区
东城区
东城区
东城区
东城区
东城区
东城区
东城区
东城区
东城区
东城区
朝阳区
朝阳区
朝阳区
朝阳区
朝阳区
丰台区
丰台区
丰台区
丰台区
朝阳区
丰台区
丰台区
丰台区
丰台区
丰台区
丰台区
丰台区
丰台区
丰台区
丰台区
丰台区
丰台区
丰台区
丰台区
朝阳区
朝阳区
朝阳区
朝阳区
朝阳区
朝阳区
朝阳区
朝阳区
朝阳区
朝阳区
朝阳区
朝阳区
朝阳区
朝阳区
朝阳区
西城区
西城区
西城区
西城区
西城区
朝阳区
朝阳区
朝阳区
朝阳区
朝阳区
丰台区
丰台区
丰台区
丰台区
丰台区
通州区
通州区
通州区
通州区
昌平区
昌平区
昌平区
大兴区
大兴区
东城区
朝阳区
朝阳区
朝阳区
朝阳区
朝阳区
朝阳区
朝阳区
朝阳区
朝阳区
朝阳区
朝阳区
朝阳区
朝阳区
朝阳区
朝阳区
朝阳区
丰台区
丰台区
朝阳区
朝阳区
朝阳区
朝阳区
朝阳区
朝阳区
朝阳区
朝阳区
朝阳区
朝阳区
朝阳区
东城区
东城区
朝阳区
朝阳区
朝阳区
朝阳区
朝阳区
朝阳区
朝阳区
朝阳区
朝阳区
丰台区
丰台区
丰台区
朝阳区
朝阳区
朝阳区
朝阳区
朝阳区
朝阳区
朝阳区
朝阳区
朝阳区
朝阳区
朝阳区
朝阳区
朝阳区
朝阳区
朝阳区
大兴区
大兴区
大兴区
大兴区
丰台区
丰台区
丰台区
丰台区
丰台区
丰台区
丰台区
丰台区
丰台区
朝阳区
朝阳区
朝阳区
朝阳区
朝阳区
朝阳区
朝阳区
朝阳区
朝阳区
朝阳区
丰台区
丰台区
丰台区
丰台区
丰台区
朝阳区
朝阳区
朝阳区
朝阳区
朝阳区
海淀区
海淀区
海淀区
丰台区
海淀区
海淀区
海淀区
海淀区
海淀区
海淀区
海淀区
海淀区
海淀区
丰台区
丰台区
朝阳区
朝阳区
朝阳区
大兴区
丰台区
丰台区
朝阳区
朝阳区
朝阳区
朝阳区
朝阳区
朝阳区
朝阳区
海淀区
海淀区
海淀区
朝阳区
朝阳区
朝阳区
朝阳区
朝阳区
朝阳区
朝阳区
朝阳区
朝阳区
朝阳区
朝阳区
东城区
朝阳区
石景山区
石景山区
石景山区
石景山区
东城区
东城区
东城区
东城区
东城区
东城区
东城区
东城区
昌平区
丰台区
丰台区
丰台区
丰台区
丰台区
丰台区
丰台区
丰台区
丰台区
丰台区
海淀区
海淀区
海淀区
海淀区
东城区
朝阳区
东城区
东城区
东城区
海淀区
海淀区
海淀区
海淀区
海淀区
朝阳区
朝阳区
朝阳区
朝阳区
朝阳区
朝阳区
朝阳区
朝阳区
朝阳区
朝阳区
朝阳区
朝阳区
朝阳区
朝阳区
朝阳区
海淀区
海淀区
海淀区
海淀区
东城区
东城区
东城区
西城区
东城区
昌平区
昌平区
昌平区
大兴区
大兴区
大兴区
丰台区
丰台区
丰台区
丰台区
丰台区
丰台区
丰台区
丰台区
海淀区
海淀区
海淀区
海淀区
海淀区
昌平区
昌平区
昌平区
昌平区
丰台区
丰台区
丰台区
丰台区
丰台区
丰台区
丰台区
丰台区
丰台区
海淀区
海淀区
海淀区
朝阳区
朝阳区
朝阳区
大兴区
大兴区
大兴区
大兴区
大兴区
房山区
房山区
房山区
房山区
丰台区
丰台区
丰台区
丰台区
海淀区
海淀区
海淀区
海淀区
丰台区
丰台区
丰台区
丰台区
丰台区
丰台区
丰台区
丰台区
丰台区
丰台区
海淀区
朝阳区
朝阳区
朝阳区
朝阳区
丰台区
丰台区
丰台区
丰台区
丰台区
海淀区
海淀区
海淀区
丰台区
丰台区
丰台区
丰台区
丰台区
丰台区
丰台区
丰台区
丰台区
丰台区
丰台区
丰台区
丰台区
丰台区
丰台区
丰台区
丰台区
朝阳区
朝阳区
朝阳区
朝阳区
朝阳区
通州区
通州区
通州区
通州区
通州区
通州区
朝阳区
朝阳区
朝阳区
通州区
通州区
通州区
通州区
通州区
通州区
海淀区
大兴区
大兴区
大兴区
大兴区
丰台区
丰台区
丰台区
丰台区
朝阳区
朝阳区
朝阳区
朝阳区
朝阳区
朝阳区
房山区
房山区
房山区
房山区
房山区
大兴区
大兴区
大兴区
大兴区
西城区
西城区
西城区
西城区
大兴区
丰台区
大兴区
丰台区
丰台区
丰台区
丰台区
东城区
丰台区
丰台区
丰台区
丰台区
东城区
朝阳区
朝阳区
朝阳区
大兴区
大兴区
大兴区
大兴区
海淀区
海淀区
海淀区
海淀区
朝阳区
朝阳区
朝阳区
朝阳区
朝阳区
海淀区
海淀区
海淀区
海淀区
海淀区
海淀区
海淀区
海淀区
海淀区
海淀区
大兴区
大兴区
大兴区
大兴区
朝阳区
朝阳区
朝阳区
朝阳区
朝阳区
朝阳区
朝阳区
朝阳区
朝阳区
朝阳区
海淀区
海淀区
海淀区
海淀区
海淀区
丰台区
丰台区
丰台区
丰台区
丰台区
丰台区
丰台区
朝阳区
朝阳区
朝阳区
朝阳区
丰台区
西城区
海淀区
海淀区
海淀区
朝阳区
朝阳区
朝阳区
朝阳区
海淀区
海淀区
海淀区
海淀区
海淀区
石景山区
石景山区
石景山区
海淀区
丰台区
丰台区
丰台区
丰台区
丰台区
丰台区
丰台区
丰台区
丰台区
丰台区
丰台区
朝阳区
朝阳区
朝阳区
朝阳区
朝阳区
朝阳区
朝阳区
朝阳区
朝阳区
朝阳区
朝阳区
朝阳区
朝阳区
朝阳区
朝阳区
朝阳区
朝阳区
朝阳区
大兴区
大兴区
大兴区
大兴区
通州区
通州区
通州区
通州区
东城区
门头沟区
门头沟区
海淀区
朝阳区
朝阳区
朝阳区
朝阳区
朝阳区
丰台区
丰台区
丰台区
丰台区
丰台区
朝阳区
朝阳区
朝阳区
朝阳区
朝阳区
大兴区
大兴区
大兴区
大兴区
大兴区
朝阳区
东城区
东城区
东城区
朝阳区
朝阳区
朝阳区
朝阳区
朝阳区
朝阳区
朝阳区
朝阳区
朝阳区
朝阳区
朝阳区
朝阳区
朝阳区
朝阳区
海淀区
海淀区
海淀区
海淀区
海淀区
朝阳区
朝阳区
朝阳区
朝阳区
大兴区
大兴区
大兴区
大兴区
大兴区
丰台区
丰台区
丰台区
丰台区
丰台区
西城区
西城区
西城区
西城区
西城区
丰台区
房山区
房山区
房山区
房山区
丰台区
丰台区
丰台区
丰台区
西城区
西城区
西城区
西城区
朝阳区
朝阳区
朝阳区
朝阳区
朝阳区
朝阳区
朝阳区
朝阳区
朝阳区
大兴区
大兴区
大兴区
大兴区
朝阳区
朝阳区
朝阳区
朝阳区
东城区
东城区
东城区
东城区
东城区
东城区
东城区
东城区
东城区
东城区
朝阳区
东城区
东城区
东城区
西城区
海淀区
海淀区
海淀区
海淀区
朝阳区
朝阳区
朝阳区
朝阳区
西城区
海淀区
海淀区
朝阳区
朝阳区
朝阳区
朝阳区
朝阳区
朝阳区
朝阳区
朝阳区
朝阳区
东城区
东城区
东城区
东城区
朝阳区
朝阳区
朝阳区
朝阳区
朝阳区
大兴区
大兴区
大兴区
大兴区
大兴区
朝阳区
朝阳区
朝阳区
朝阳区
朝阳区
东城区
东城区
东城区
东城区
通州区
通州区
通州区
通州区
通州区
朝阳区
朝阳区
朝阳区
朝阳区
海淀区
海淀区
海淀区
海淀区
海淀区
海淀区
海淀区
海淀区
通州区
通州区
通州区
大兴区
大兴区
大兴区
大兴区
朝阳区
大兴区
大兴区
大兴区
大兴区
大兴区
大兴区
大兴区
朝阳区
朝阳区
朝阳区
朝阳区
朝阳区
朝阳区
丰台区
丰台区
丰台区
丰台区
丰台区
丰台区
丰台区
丰台区
丰台区
丰台区
丰台区
丰台区
丰台区
丰台区
丰台区
丰台区
丰台区
丰台区
朝阳区
东城区
朝阳区
朝阳区
房山区
房山区
房山区
房山区
朝阳区
朝阳区
朝阳区
朝阳区
朝阳区
朝阳区
朝阳区
朝阳区
丰台区
丰台区
丰台区
朝阳区
朝阳区
朝阳区
石景山区
石景山区
石景山区
石景山区
石景山区
东城区
东城区
东城区
东城区
东城区
东城区
东城区
东城区
东城区
东城区
朝阳区
朝阳区
朝阳区
朝阳区
朝阳区
朝阳区
朝阳区
朝阳区
朝阳区
朝阳区
朝阳区
朝阳区
朝阳区
朝阳区
朝阳区
朝阳区
朝阳区
大兴区
大兴区
大兴区
大兴区
朝阳区
朝阳区
朝阳区
朝阳区
朝阳区
朝阳区
丰台区
丰台区
丰台区
丰台区
丰台区
丰台区
丰台区
丰台区
丰台区
丰台区
朝阳区
朝阳区
朝阳区
朝阳区
东城区
东城区
东城区
东城区
朝阳区
朝阳区
海淀区
海淀区
海淀区
海淀区
海淀区
海淀区
朝阳区
朝阳区
朝阳区
朝阳区
朝阳区
朝阳区
朝阳区
朝阳区
朝阳区
朝阳区
朝阳区
朝阳区
朝阳区
朝阳区
朝阳区
朝阳区
朝阳区
东城区
东城区
东城区
朝阳区
朝阳区
朝阳区
朝阳区
朝阳区
朝阳区
朝阳区
朝阳区
朝阳区
朝阳区
朝阳区
朝阳区
朝阳区
朝阳区
朝阳区
朝阳区
朝阳区
朝阳区
朝阳区
朝阳区
丰台区
丰台区
大兴区
大兴区
丰台区
丰台区
丰台区
丰台区
丰台区
丰台区
东城区
东城区
东城区
东城区
朝阳区
朝阳区
朝阳区
朝阳区
朝阳区
朝阳区
朝阳区
朝阳区
朝阳区
朝阳区
朝阳区
朝阳区
朝阳区
朝阳区
朝阳区
通州区
通州区
通州区
朝阳区
朝阳区
朝阳区
朝阳区
朝阳区
朝阳区
朝阳区
朝阳区
朝阳区
朝阳区
朝阳区
朝阳区
朝阳区
朝阳区
朝阳区
朝阳区
朝阳区
朝阳区
朝阳区
朝阳区
朝阳区
朝阳区
朝阳区
朝阳区
朝阳区
朝阳区
朝阳区
朝阳区
朝阳区
朝阳区
朝阳区
朝阳区
朝阳区
朝阳区
大兴区
大兴区
丰台区
朝阳区
朝阳区
朝阳区
朝阳区
朝阳区
丰台区
丰台区
丰台区
朝阳区
朝阳区
朝阳区
西城区
东城区
朝阳区
东城区
海淀区
海淀区
海淀区
海淀区
丰台区
丰台区
丰台区
丰台区
通州区
通州区
通州区
通州区
海淀区
海淀区
海淀区
海淀区
海淀区
海淀区
西城区
西城区
西城区
丰台区
丰台区
丰台区
丰台区
朝阳区
朝阳区
朝阳区
朝阳区
朝阳区
朝阳区
朝阳区
朝阳区
朝阳区
朝阳区
丰台区
丰台区
西城区
西城区
朝阳区
朝阳区
朝阳区
朝阳区
朝阳区
朝阳区
朝阳区
朝阳区
石景山区
石景山区
石景山区
朝阳区
朝阳区
朝阳区
朝阳区
朝阳区
朝阳区
朝阳区
朝阳区
朝阳区
丰台区
丰台区
丰台区
朝阳区
海淀区
海淀区
海淀区
大兴区
大兴区
大兴区
大兴区
大兴区
大兴区
大兴区
朝阳区
朝阳区
朝阳区
朝阳区
海淀区
海淀区
海淀区
昌平区
昌平区
昌平区
昌平区
昌平区
东城区
东城区
东城区
东城区
丰台区
朝阳区
朝阳区
朝阳区
朝阳区
朝阳区
房山区
房山区
房山区
房山区
丰台区
丰台区
丰台区
丰台区
丰台区
大兴区
大兴区
大兴区
大兴区
大兴区
朝阳区
朝阳区
朝阳区
朝阳区
朝阳区
朝阳区
朝阳区
朝阳区
西城区
西城区
西城区
西城区
朝阳区
朝阳区
朝阳区
朝阳区
朝阳区
朝阳区
朝阳区
朝阳区
朝阳区
朝阳区
丰台区
丰台区
丰台区
丰台区
丰台区
丰台区
丰台区
丰台区
丰台区
丰台区
朝阳区
朝阳区
朝阳区
朝阳区
朝阳区
朝阳区
朝阳区
朝阳区
朝阳区
朝阳区
朝阳区
朝阳区
朝阳区
朝阳区
朝阳区
东城区
东城区
东城区
东城区
东城区
东城区
东城区
东城区
海淀区
海淀区
海淀区
海淀区
朝阳区
朝阳区
朝阳区
朝阳区
朝阳区
朝阳区
朝阳区
朝阳区
朝阳区
西城区
西城区
西城区
西城区
西城区
丰台区
丰台区
丰台区
海淀区
海淀区
海淀区
海淀区
海淀区
海淀区
朝阳区
朝阳区
朝阳区
朝阳区
丰台区
丰台区
丰台区
丰台区
丰台区
朝阳区
朝阳区
朝阳区
朝阳区
丰台区
丰台区
丰台区
丰台区
丰台区
丰台区
丰台区
大兴区
大兴区
大兴区
大兴区
大兴区
朝阳区
朝阳区
朝阳区
朝阳区
朝阳区
朝阳区
朝阳区
丰台区
丰台区
丰台区
朝阳区
朝阳区
朝阳区
朝阳区
朝阳区
海淀区
海淀区
海淀区
海淀区
海淀区
海淀区
海淀区
海淀区
海淀区
海淀区
海淀区
海淀区
海淀区
海淀区
海淀区
通州区
通州区
通州区
通州区
通州区
朝阳区
朝阳区
朝阳区
朝阳区
朝阳区
朝阳区
朝阳区
朝阳区
朝阳区
朝阳区
朝阳区
朝阳区
朝阳区
朝阳区
朝阳区
朝阳区
朝阳区
朝阳区
丰台区
丰台区
丰台区
丰台区
丰台区
大兴区
大兴区
大兴区
大兴区
大兴区
大兴区
大兴区
大兴区
大兴区
大兴区
海淀区
朝阳区
海淀区
海淀区
朝阳区
朝阳区
朝阳区
朝阳区
朝阳区
丰台区
丰台区
丰台区
朝阳区
朝阳区
朝阳区
朝阳区
房山区
房山区
房山区
东城区
东城区
东城区
东城区
朝阳区
朝阳区
朝阳区
朝阳区
顺义区
顺义区
顺义区
朝阳区
朝阳区
朝阳区
朝阳区
朝阳区
朝阳区
朝阳区
朝阳区
朝阳区
朝阳区
朝阳区
朝阳区
朝阳区
朝阳区
朝阳区
朝阳区
朝阳区
朝阳区
朝阳区
朝阳区
朝阳区
朝阳区
朝阳区
朝阳区
朝阳区
朝阳区
朝阳区
海淀区
海淀区
海淀区
海淀区
海淀区
朝阳区
朝阳区
朝阳区
朝阳区
朝阳区
朝阳区
朝阳区
朝阳区
朝阳区
朝阳区
朝阳区
朝阳区
丰台区
丰台区
丰台区
丰台区
丰台区
朝阳区
朝阳区
朝阳区
朝阳区
房山区
房山区
房山区
房山区
房山区
西城区
西城区
西城区
西城区
朝阳区
东城区
朝阳区
朝阳区
丰台区
丰台区
丰台区
丰台区
朝阳区
朝阳区
朝阳区
朝阳区
朝阳区
朝阳区
朝阳区
大兴区
大兴区
大兴区
大兴区
朝阳区
朝阳区
朝阳区
朝阳区
朝阳区
东城区
东城区
朝阳区
东城区
东城区
丰台区
丰台区
丰台区
丰台区
丰台区
朝阳区
朝阳区
朝阳区
朝阳区
朝阳区
朝阳区
朝阳区
朝阳区
朝阳区
朝阳区
朝阳区
朝阳区
朝阳区
朝阳区
朝阳区
朝阳区
丰台区
丰台区
丰台区
丰台区
丰台区
海淀区
海淀区
海淀区
海淀区
朝阳区
朝阳区
朝阳区
朝阳区
朝阳区
朝阳区
朝阳区
朝阳区
朝阳区
朝阳区
朝阳区
朝阳区
朝阳区
朝阳区
朝阳区
丰台区
丰台区
丰台区
丰台区
朝阳区
朝阳区
朝阳区
朝阳区
朝阳区
朝阳区
朝阳区
朝阳区
朝阳区
海淀区
海淀区
大兴区
朝阳区
朝阳区
朝阳区
朝阳区
朝阳区
朝阳区
朝阳区
朝阳区
朝阳区
朝阳区
朝阳区
朝阳区
朝阳区
朝阳区
朝阳区
朝阳区
朝阳区
朝阳区
朝阳区
朝阳区
朝阳区
朝阳区
朝阳区
朝阳区
朝阳区
朝阳区
朝阳区
朝阳区
朝阳区
朝阳区
朝阳区
朝阳区
朝阳区
朝阳区
朝阳区
朝阳区
朝阳区
朝阳区
朝阳区
朝阳区
朝阳区
通州区
朝阳区
朝阳区
朝阳区
通州区
通州区
通州区
通州区
通州区
通州区
通州区
通州区
通州区
朝阳区
朝阳区
朝阳区
朝阳区
朝阳区
朝阳区
朝阳区
朝阳区
朝阳区
朝阳区
海淀区
海淀区
海淀区
海淀区
朝阳区
朝阳区
朝阳区
朝阳区
朝阳区
石景山区
石景山区
石景山区
石景山区
石景山区
朝阳区
朝阳区
朝阳区
朝阳区
朝阳区
朝阳区
朝阳区
朝阳区
朝阳区
朝阳区
大兴区
大兴区
大兴区
大兴区
大兴区
大兴区
大兴区
大兴区
东城区
东城区
东城区
东城区
东城区
大兴区
大兴区
大兴区
大兴区
朝阳区
朝阳区
朝阳区
朝阳区
朝阳区
朝阳区
朝阳区
朝阳区
朝阳区
海淀区
大兴区
大兴区
大兴区
大兴区
大兴区
大兴区
大兴区
大兴区
朝阳区
朝阳区
朝阳区
朝阳区
朝阳区
朝阳区
朝阳区
海淀区
海淀区
海淀区
海淀区
海淀区
海淀区
海淀区
海淀区
海淀区
海淀区
丰台区
丰台区
丰台区
丰台区
丰台区
西城区
西城区
西城区
西城区
西城区
丰台区
延庆县
延庆县
延庆县
延庆县
丰台区
房山区
房山区
房山区
房山区
朝阳区
朝阳区
朝阳区
朝阳区
朝阳区
朝阳区
朝阳区
朝阳区
朝阳区
朝阳区
朝阳区
朝阳区
朝阳区
朝阳区
朝阳区
朝阳区
朝阳区
朝阳区
朝阳区
西城区
西城区
西城区
丰台区
丰台区
丰台区
丰台区
丰台区
朝阳区
朝阳区
朝阳区
朝阳区
朝阳区
朝阳区
朝阳区
朝阳区
朝阳区
朝阳区
海淀区
海淀区
朝阳区
朝阳区
朝阳区
丰台区
朝阳区
海淀区
海淀区
海淀区
海淀区
海淀区
海淀区
海淀区
海淀区
海淀区
朝阳区
朝阳区
朝阳区
朝阳区
朝阳区
朝阳区
朝阳区
通州区
通州区
通州区
丰台区
丰台区
丰台区
丰台区
丰台区
丰台区
丰台区
丰台区
丰台区
丰台区
丰台区
丰台区
丰台区
丰台区
丰台区
丰台区
丰台区
丰台区
丰台区
丰台区
丰台区
丰台区
丰台区
丰台区
丰台区
丰台区
海淀区
海淀区
海淀区
海淀区
海淀区
海淀区
海淀区
海淀区
朝阳区
朝阳区
朝阳区
朝阳区
朝阳区
丰台区
丰台区
丰台区
丰台区
东城区
东城区
东城区
房山区
房山区
房山区
房山区
房山区
朝阳区
朝阳区
朝阳区
朝阳区
朝阳区
朝阳区
朝阳区
朝阳区
西城区
西城区
西城区
西城区
西城区
海淀区
海淀区
海淀区
朝阳区
朝阳区
朝阳区
朝阳区
朝阳区
朝阳区
朝阳区
朝阳区
朝阳区
朝阳区
昌平区
昌平区
昌平区
昌平区
西城区
东城区
东城区
东城区
朝阳区
朝阳区
朝阳区
朝阳区
朝阳区
朝阳区
朝阳区
朝阳区
朝阳区
朝阳区
朝阳区
朝阳区
朝阳区
朝阳区
朝阳区
朝阳区
朝阳区
朝阳区
朝阳区
朝阳区
朝阳区
朝阳区
朝阳区
朝阳区
朝阳区
朝阳区
朝阳区
朝阳区
朝阳区
朝阳区
朝阳区
朝阳区
朝阳区
丰台区
丰台区
丰台区
丰台区
丰台区
丰台区
朝阳区
朝阳区
朝阳区
朝阳区
朝阳区
丰台区
丰台区
丰台区
丰台区
丰台区
丰台区
丰台区
丰台区
丰台区
朝阳区
朝阳区
朝阳区
大兴区
大兴区
大兴区
大兴区
朝阳区
朝阳区
朝阳区
通州区
通州区
通州区
通州区
通州区
朝阳区
朝阳区
朝阳区
朝阳区
西城区
朝阳区
朝阳区
海淀区
海淀区
海淀区
海淀区
海淀区
海淀区
海淀区
海淀区
西城区
西城区
西城区
西城区
丰台区
丰台区
丰台区
丰台区
东城区
东城区
东城区
东城区
东城区
东城区
朝阳区
朝阳区
朝阳区
朝阳区
大兴区
大兴区
大兴区
大兴区
朝阳区
丰台区
西城区
西城区
朝阳区
顺义区
朝阳区
朝阳区
丰台区
西城区
西城区
顺义区
朝阳区
顺义区
朝阳区
朝阳区
朝阳区
朝阳区
朝阳区
朝阳区
西城区
海淀区
海淀区
西城区
朝阳区
朝阳区
朝阳区
朝阳区
西城区
海淀区
海淀区
朝阳区
朝阳区
朝阳区
朝阳区
朝阳区
朝阳区
朝阳区
朝阳区
朝阳区
朝阳区
大兴区
大兴区
大兴区
大兴区
大兴区
通州区
通州区
通州区
通州区
通州区
朝阳区
朝阳区
朝阳区
朝阳区
朝阳区
西城区
东城区
朝阳区
朝阳区
朝阳区
朝阳区
朝阳区
东城区
东城区
海淀区
海淀区
丰台区
丰台区
丰台区
丰台区
丰台区
朝阳区
朝阳区
丰台区
丰台区
丰台区
丰台区
丰台区
丰台区
丰台区
丰台区
丰台区
丰台区
朝阳区
朝阳区
朝阳区
朝阳区
朝阳区
朝阳区
朝阳区
朝阳区
朝阳区
朝阳区
朝阳区
朝阳区
朝阳区
朝阳区
朝阳区
朝阳区
朝阳区
海淀区
海淀区
海淀区
海淀区
海淀区
海淀区
海淀区
海淀区
朝阳区
朝阳区
朝阳区
朝阳区
东城区
丰台区
丰台区
丰台区
丰台区
朝阳区
朝阳区
朝阳区
朝阳区
海淀区
海淀区
朝阳区
朝阳区
朝阳区
朝阳区
朝阳区
朝阳区
朝阳区
朝阳区
朝阳区
朝阳区
朝阳区
朝阳区
朝阳区
朝阳区
朝阳区
朝阳区
朝阳区
朝阳区
朝阳区
朝阳区
朝阳区
朝阳区
朝阳区
朝阳区
朝阳区
东城区
海淀区
海淀区
海淀区
海淀区
朝阳区
大兴区
朝阳区
大兴区
朝阳区
朝阳区
朝阳区
朝阳区
朝阳区
朝阳区
朝阳区
朝阳区
朝阳区
朝阳区
海淀区
海淀区
海淀区
海淀区
海淀区
海淀区
海淀区
海淀区
海淀区
朝阳区
朝阳区
朝阳区
朝阳区
朝阳区
朝阳区
朝阳区
朝阳区
朝阳区
朝阳区
朝阳区
朝阳区
东城区
东城区
石景山区
东城区
东城区
东城区
东城区
东城区
丰台区
丰台区
丰台区
丰台区
丰台区
丰台区
丰台区
丰台区
丰台区
朝阳区
海淀区
海淀区
海淀区
海淀区
海淀区
朝阳区
朝阳区
朝阳区
朝阳区
朝阳区
朝阳区
朝阳区
朝阳区
朝阳区
朝阳区
朝阳区
朝阳区
朝阳区
朝阳区
朝阳区
朝阳区
朝阳区
朝阳区
朝阳区
朝阳区
朝阳区
朝阳区
朝阳区
朝阳区
丰台区
丰台区
丰台区
丰台区
海淀区
海淀区
海淀区
海淀区
西城区
西城区
西城区
西城区
通州区
通州区
朝阳区
房山区
房山区
房山区
房山区
房山区
朝阳区
朝阳区
朝阳区
朝阳区
朝阳区
朝阳区
朝阳区
朝阳区
朝阳区
朝阳区
朝阳区
朝阳区
朝阳区
海淀区
海淀区
海淀区
海淀区
通州区
通州区
通州区
通州区
西城区
西城区
朝阳区
东城区
朝阳区
西城区
西城区
朝阳区
东城区
朝阳区
海淀区
海淀区
海淀区
海淀区
海淀区
朝阳区
朝阳区
朝阳区
朝阳区
朝阳区
朝阳区
朝阳区
朝阳区
朝阳区
朝阳区
昌平区
昌平区
昌平区
朝阳区
朝阳区
朝阳区
海淀区
海淀区
朝阳区
通州区
通州区
通州区
通州区
通州区
东城区
东城区
朝阳区
朝阳区
朝阳区
朝阳区
东城区
东城区
东城区
东城区
东城区
东城区
东城区
东城区
东城区
朝阳区
朝阳区
朝阳区
朝阳区
石景山区
石景山区
石景山区
石景山区
石景山区
大兴区
大兴区
大兴区
大兴区
大兴区
大兴区
大兴区
朝阳区
朝阳区
朝阳区
朝阳区
朝阳区
朝阳区
朝阳区
朝阳区
朝阳区
朝阳区
丰台区
丰台区
丰台区
丰台区
海淀区
海淀区
海淀区
海淀区
朝阳区
朝阳区
朝阳区
朝阳区
朝阳区
朝阳区
朝阳区
朝阳区
大兴区
朝阳区
朝阳区
朝阳区
朝阳区
朝阳区
朝阳区
朝阳区
朝阳区
丰台区
丰台区
丰台区
丰台区
朝阳区
朝阳区
朝阳区
朝阳区
朝阳区
朝阳区
朝阳区
朝阳区
海淀区
海淀区
海淀区
丰台区
丰台区
丰台区
丰台区
丰台区
朝阳区
朝阳区
朝阳区
朝阳区
朝阳区
通州区
通州区
通州区
通州区
通州区
朝阳区
朝阳区
朝阳区
朝阳区
朝阳区
朝阳区
朝阳区
朝阳区
朝阳区
朝阳区
东城区
东城区
东城区
海淀区
海淀区
海淀区
海淀区
朝阳区
朝阳区
朝阳区
朝阳区
丰台区
丰台区
丰台区
丰台区
丰台区
丰台区
东城区
东城区
东城区
东城区
丰台区
丰台区
丰台区
朝阳区
朝阳区
海淀区
海淀区
海淀区
朝阳区
朝阳区
朝阳区
朝阳区
朝阳区
朝阳区
朝阳区
朝阳区
朝阳区
朝阳区
朝阳区
朝阳区
朝阳区
朝阳区
海淀区
丰台区
丰台区
石景山区
石景山区
石景山区
石景山区
石景山区
丰台区
丰台区
朝阳区
丰台区
朝阳区
海淀区
西城区
西城区
西城区
朝阳区
朝阳区
朝阳区
朝阳区
朝阳区
丰台区
大兴区
大兴区
丰台区
大兴区
大兴区
朝阳区
朝阳区
朝阳区
朝阳区
朝阳区
朝阳区
朝阳区
朝阳区
朝阳区
丰台区
朝阳区
朝阳区
朝阳区
朝阳区
丰台区
朝阳区
朝阳区
朝阳区
朝阳区
朝阳区
朝阳区
朝阳区
朝阳区
朝阳区
通州区
通州区
通州区
通州区
朝阳区
朝阳区
朝阳区
朝阳区
朝阳区
朝阳区
通州区
朝阳区
朝阳区
朝阳区
朝阳区
通州区
通州区
通州区
通州区
通州区
通州区
通州区
通州区
通州区
通州区
通州区
通州区
通州区
通州区
通州区
通州区
通州区
通州区
通州区
通州区
通州区
通州区
通州区
通州区
通州区
通州区
通州区
通州区
通州区
通州区
东城区
东城区
东城区
朝阳区
朝阳区
朝阳区
朝阳区
朝阳区
朝阳区
朝阳区
朝阳区
朝阳区
朝阳区
朝阳区
朝阳区
朝阳区
朝阳区
朝阳区
朝阳区
朝阳区
朝阳区
朝阳区
朝阳区
朝阳区
朝阳区
朝阳区
朝阳区
朝阳区
朝阳区
朝阳区
朝阳区
朝阳区
朝阳区
朝阳区
朝阳区
朝阳区
丰台区
丰台区
丰台区
朝阳区
朝阳区
朝阳区
朝阳区
海淀区
海淀区
海淀区
海淀区
海淀区
海淀区
海淀区
海淀区
海淀区
海淀区
海淀区
海淀区
海淀区
海淀区
海淀区
海淀区
海淀区
朝阳区
朝阳区
朝阳区
朝阳区
朝阳区
朝阳区
朝阳区
西城区
西城区
西城区
西城区
朝阳区
朝阳区
通州区
通州区
通州区
朝阳区
朝阳区
通州区
通州区
通州区
朝阳区
朝阳区
朝阳区
东城区
朝阳区
朝阳区
朝阳区
海淀区
海淀区
丰台区
海淀区
朝阳区
朝阳区
朝阳区
通州区
朝阳区
朝阳区
朝阳区
朝阳区
朝阳区
朝阳区
朝阳区
朝阳区
朝阳区
朝阳区
朝阳区
朝阳区
朝阳区
朝阳区
朝阳区
朝阳区
朝阳区
朝阳区
朝阳区
朝阳区
朝阳区
朝阳区
朝阳区
丰台区
丰台区
丰台区
丰台区
丰台区
丰台区
丰台区
丰台区
丰台区
丰台区
海淀区
海淀区
海淀区
海淀区
海淀区
海淀区
海淀区
海淀区
东城区
东城区
朝阳区
朝阳区
朝阳区
朝阳区
海淀区
海淀区
海淀区
海淀区
朝阳区
东城区
朝阳区
朝阳区
朝阳区
朝阳区
朝阳区
朝阳区
朝阳区
朝阳区
朝阳区
朝阳区
朝阳区
朝阳区
朝阳区
朝阳区
朝阳区
朝阳区
朝阳区
朝阳区
朝阳区
朝阳区
朝阳区
朝阳区
朝阳区
朝阳区
朝阳区
朝阳区
朝阳区
朝阳区
朝阳区
朝阳区
朝阳区
朝阳区
朝阳区
东城区
东城区
东城区
海淀区
海淀区
海淀区
海淀区
朝阳区
朝阳区
东城区
东城区
东城区
东城区
朝阳区
朝阳区
朝阳区
朝阳区
朝阳区
通州区
通州区
通州区
通州区
通州区
朝阳区
朝阳区
朝阳区
朝阳区
朝阳区
丰台区
丰台区
朝阳区
朝阳区
朝阳区
朝阳区
朝阳区
朝阳区
朝阳区
朝阳区
丰台区
丰台区
丰台区
朝阳区
朝阳区
朝阳区
朝阳区
朝阳区
朝阳区
朝阳区
朝阳区
朝阳区
东城区
西城区
西城区
东城区
东城区
东城区
朝阳区
朝阳区
朝阳区
朝阳区
朝阳区
朝阳区
朝阳区
朝阳区
朝阳区
东城区
东城区
东城区
东城区
朝阳区
朝阳区
朝阳区
朝阳区
朝阳区
朝阳区
朝阳区
朝阳区
朝阳区
朝阳区
朝阳区
朝阳区
朝阳区
朝阳区
朝阳区
朝阳区
朝阳区
朝阳区
朝阳区
朝阳区
朝阳区
朝阳区
朝阳区
朝阳区
朝阳区
朝阳区
朝阳区
朝阳区
海淀区
海淀区
海淀区
朝阳区
朝阳区
海淀区
海淀区
海淀区
海淀区
海淀区
朝阳区
朝阳区
朝阳区
朝阳区
朝阳区
朝阳区
朝阳区
朝阳区
西城区
西城区
西城区
朝阳区
朝阳区
朝阳区
朝阳区
朝阳区
朝阳区
朝阳区
朝阳区
房山区
房山区
房山区
房山区
房山区
朝阳区
朝阳区
朝阳区
朝阳区
海淀区
海淀区
海淀区
朝阳区
朝阳区
朝阳区
朝阳区
朝阳区
朝阳区
朝阳区
朝阳区
大兴区
大兴区
大兴区
通州区
通州区
通州区
通州区
通州区
朝阳区
朝阳区
朝阳区
朝阳区
朝阳区
朝阳区
朝阳区
朝阳区
朝阳区
朝阳区
朝阳区
朝阳区
朝阳区
朝阳区
朝阳区
朝阳区
朝阳区
朝阳区
朝阳区
朝阳区
丰台区
丰台区
丰台区
丰台区
朝阳区
朝阳区
朝阳区
朝阳区
朝阳区
朝阳区
朝阳区
朝阳区
朝阳区
大兴区
大兴区
大兴区
大兴区
大兴区
朝阳区
朝阳区
朝阳区
朝阳区
丰台区
丰台区
丰台区
丰台区
丰台区
丰台区
丰台区
丰台区
丰台区
丰台区
大兴区
大兴区
大兴区
大兴区
大兴区
海淀区
丰台区
丰台区
朝阳区
朝阳区
朝阳区
朝阳区
朝阳区
丰台区
丰台区
丰台区
丰台区
丰台区
朝阳区
朝阳区
朝阳区
朝阳区
东城区
西城区
西城区
西城区
西城区
朝阳区
朝阳区
朝阳区
朝阳区
朝阳区
朝阳区
东城区
东城区
东城区
东城区
朝阳区
朝阳区
朝阳区
朝阳区
朝阳区
朝阳区
朝阳区
朝阳区
朝阳区
朝阳区
朝阳区
朝阳区
朝阳区
朝阳区
朝阳区
朝阳区
朝阳区
朝阳区
朝阳区
朝阳区
朝阳区
朝阳区
朝阳区
朝阳区
朝阳区
朝阳区
朝阳区
通州区
朝阳区
朝阳区
朝阳区
通州区
通州区
通州区
丰台区
丰台区
丰台区
丰台区
丰台区
朝阳区
朝阳区
朝阳区
朝阳区
朝阳区
朝阳区
朝阳区
朝阳区
朝阳区
朝阳区
朝阳区
朝阳区
朝阳区
东城区
朝阳区
朝阳区
朝阳区
朝阳区
朝阳区
朝阳区
朝阳区
朝阳区
朝阳区
朝阳区
朝阳区
朝阳区
朝阳区
朝阳区
朝阳区
朝阳区
朝阳区
朝阳区
朝阳区
朝阳区
朝阳区
朝阳区
朝阳区
朝阳区
朝阳区
朝阳区
朝阳区
朝阳区
门头沟区
丰台区
门头沟区
丰台区
门头沟区
朝阳区
朝阳区
朝阳区
朝阳区
朝阳区
朝阳区
朝阳区
朝阳区
朝阳区
东城区
东城区
东城区
朝阳区
朝阳区
朝阳区
朝阳区
丰台区
丰台区
丰台区
朝阳区
朝阳区
朝阳区
朝阳区
丰台区
丰台区
丰台区
丰台区
丰台区
丰台区
丰台区
丰台区
丰台区
丰台区
朝阳区
朝阳区
朝阳区
朝阳区
朝阳区
朝阳区
朝阳区
朝阳区
朝阳区
东城区
东城区
东城区
海淀区
海淀区
海淀区
海淀区
海淀区
海淀区
海淀区
海淀区
海淀区
海淀区
丰台区
门头沟区
丰台区
丰台区
丰台区
朝阳区
朝阳区
朝阳区
朝阳区
朝阳区
朝阳区
通州区
通州区
通州区
朝阳区
朝阳区
朝阳区
朝阳区
朝阳区
东城区
朝阳区
朝阳区
朝阳区
通州区
通州区
通州区
通州区
通州区
朝阳区
朝阳区
朝阳区
朝阳区
朝阳区
朝阳区
朝阳区
朝阳区
朝阳区
朝阳区
朝阳区
朝阳区
朝阳区
朝阳区
门头沟区
门头沟区
门头沟区
门头沟区
东城区
东城区
东城区
东城区
东城区
东城区
东城区
东城区
东城区
朝阳区
朝阳区
朝阳区
朝阳区
朝阳区
朝阳区
朝阳区
朝阳区
朝阳区
朝阳区
朝阳区
朝阳区
朝阳区
朝阳区
朝阳区
朝阳区
朝阳区
朝阳区
海淀区
海淀区
海淀区
海淀区
海淀区
海淀区
海淀区
海淀区
海淀区
朝阳区
朝阳区
朝阳区
丰台区
丰台区
丰台区
丰台区
朝阳区
朝阳区
朝阳区
朝阳区
朝阳区
朝阳区
朝阳区
朝阳区
朝阳区
朝阳区
朝阳区
朝阳区
朝阳区
朝阳区
朝阳区
朝阳区
朝阳区
海淀区
海淀区
海淀区
海淀区
丰台区
丰台区
丰台区
朝阳区
朝阳区
朝阳区
朝阳区
朝阳区
海淀区
海淀区
海淀区
海淀区
海淀区
海淀区
海淀区
海淀区
海淀区
海淀区
朝阳区
朝阳区
朝阳区
朝阳区
朝阳区
大兴区
大兴区
大兴区
大兴区
大兴区
东城区
东城区
东城区
东城区
东城区
海淀区
海淀区
海淀区
海淀区
海淀区
海淀区
海淀区
海淀区
海淀区
海淀区
石景山区
石景山区
石景山区
石景山区
石景山区
海淀区
海淀区
海淀区
海淀区
海淀区
门头沟区
门头沟区
门头沟区
门头沟区
门头沟区
东城区
东城区
东城区
朝阳区
朝阳区
东城区
东城区
东城区
东城区
东城区
丰台区
丰台区
丰台区
丰台区
丰台区
丰台区
丰台区
丰台区
丰台区
丰台区
丰台区
东城区
东城区
丰台区
东城区
朝阳区
东城区
东城区
丰台区
东城区
朝阳区
东城区
东城区
东城区
朝阳区
朝阳区
朝阳区
朝阳区
丰台区
丰台区
丰台区
丰台区
丰台区
朝阳区
朝阳区
朝阳区
朝阳区
朝阳区
朝阳区
朝阳区
海淀区
海淀区
海淀区
海淀区
朝阳区
朝阳区
东城区
东城区
东城区
东城区
朝阳区
朝阳区
朝阳区
朝阳区
朝阳区
朝阳区
朝阳区
海淀区
海淀区
海淀区
海淀区
海淀区
海淀区
海淀区
海淀区
海淀区
海淀区
朝阳区
朝阳区
朝阳区
朝阳区
朝阳区
朝阳区
朝阳区
朝阳区
朝阳区
朝阳区
朝阳区
朝阳区
朝阳区
朝阳区
朝阳区
朝阳区
海淀区
海淀区
海淀区
海淀区
朝阳区
朝阳区
朝阳区
朝阳区
东城区
东城区
东城区
东城区
东城区
朝阳区
朝阳区
朝阳区
朝阳区
东城区
东城区
东城区
东城区
东城区
东城区
东城区
东城区
东城区
朝阳区
朝阳区
朝阳区
朝阳区
朝阳区
朝阳区
朝阳区
朝阳区
朝阳区
朝阳区
朝阳区
朝阳区
朝阳区
朝阳区
丰台区
丰台区
丰台区
朝阳区
朝阳区
朝阳区
朝阳区
朝阳区
朝阳区
朝阳区
朝阳区
朝阳区
西城区
西城区
西城区
大兴区
大兴区
西城区
西城区
西城区
西城区
西城区
朝阳区
朝阳区
朝阳区
朝阳区
东城区
朝阳区
朝阳区
朝阳区
朝阳区
朝阳区
朝阳区
朝阳区
朝阳区
朝阳区
朝阳区
朝阳区
东城区
东城区
东城区
东城区
东城区
朝阳区
朝阳区
朝阳区
朝阳区
朝阳区
朝阳区
朝阳区
朝阳区
朝阳区
朝阳区
朝阳区
朝阳区
朝阳区
朝阳区
朝阳区
朝阳区
丰台区
丰台区
丰台区
朝阳区
朝阳区
朝阳区
朝阳区
朝阳区
朝阳区
朝阳区
朝阳区
朝阳区
朝阳区
朝阳区
朝阳区
朝阳区
朝阳区
朝阳区
朝阳区
朝阳区
朝阳区
朝阳区
西城区
西城区
西城区
丰台区
丰台区
丰台区
丰台区
丰台区
朝阳区
朝阳区
朝阳区
朝阳区
朝阳区
朝阳区
丰台区
丰台区
丰台区
朝阳区
朝阳区
丰台区
丰台区
丰台区
海淀区
海淀区
海淀区
海淀区
顺义区
朝阳区
朝阳区
朝阳区
朝阳区
丰台区
丰台区
丰台区
丰台区
丰台区
丰台区
海淀区
海淀区
海淀区
海淀区
海淀区
海淀区
海淀区
海淀区
海淀区
朝阳区
东城区
东城区
东城区
朝阳区
朝阳区
朝阳区
大兴区
房山区
房山区
朝阳区
朝阳区
朝阳区
朝阳区
丰台区
丰台区
丰台区
丰台区
丰台区
朝阳区
朝阳区
朝阳区
朝阳区
朝阳区
朝阳区
朝阳区
朝阳区
朝阳区
朝阳区
丰台区
丰台区
丰台区
丰台区
丰台区
朝阳区
朝阳区
朝阳区
朝阳区
朝阳区
朝阳区
朝阳区
朝阳区
朝阳区
朝阳区
朝阳区
朝阳区
朝阳区
朝阳区
朝阳区
通州区
通州区
通州区
通州区
通州区
朝阳区
朝阳区
朝阳区
朝阳区
西城区
西城区
西城区
西城区
西城区
大兴区
大兴区
大兴区
大兴区
大兴区
通州区
通州区
通州区
通州区
通州区
通州区
朝阳区
朝阳区
朝阳区
朝阳区
朝阳区
朝阳区
朝阳区
丰台区
丰台区
丰台区
丰台区
西城区
朝阳区
西城区
西城区
西城区
通州区
通州区
通州区
通州区
通州区
朝阳区
朝阳区
朝阳区
朝阳区
朝阳区
朝阳区
朝阳区
朝阳区
海淀区
海淀区
海淀区
海淀区
通州区
通州区
通州区
通州区
通州区
通州区
通州区
通州区
通州区
通州区
海淀区
海淀区
朝阳区
朝阳区
朝阳区
朝阳区
朝阳区
朝阳区
朝阳区
朝阳区
朝阳区
朝阳区
朝阳区
丰台区
丰台区
丰台区
丰台区
朝阳区
朝阳区
朝阳区
朝阳区
朝阳区
朝阳区
朝阳区
朝阳区
朝阳区
朝阳区
朝阳区
朝阳区
朝阳区
朝阳区
朝阳区
朝阳区
朝阳区
朝阳区
朝阳区
朝阳区
西城区
西城区
朝阳区
朝阳区
朝阳区
朝阳区
朝阳区
朝阳区
朝阳区
朝阳区
朝阳区
朝阳区
朝阳区
朝阳区
朝阳区
东城区
东城区
东城区
朝阳区
朝阳区
朝阳区
朝阳区
朝阳区
朝阳区
朝阳区
朝阳区
朝阳区
朝阳区
朝阳区
朝阳区
朝阳区
朝阳区
朝阳区
朝阳区
朝阳区
朝阳区
朝阳区
朝阳区
朝阳区
朝阳区
朝阳区
朝阳区
朝阳区
朝阳区
朝阳区
朝阳区
朝阳区
朝阳区
朝阳区
西城区
西城区
西城区
西城区
东城区
东城区
东城区
东城区
东城区
东城区
东城区
海淀区
海淀区
海淀区
海淀区
海淀区
海淀区
海淀区
海淀区
朝阳区
朝阳区
朝阳区
朝阳区
朝阳区
朝阳区
朝阳区
朝阳区
海淀区
海淀区
海淀区
海淀区
海淀区
朝阳区
朝阳区
朝阳区
大兴区
大兴区
大兴区
大兴区
东城区
东城区
东城区
东城区
东城区
朝阳区
朝阳区
朝阳区
朝阳区
朝阳区
朝阳区
朝阳区
朝阳区
朝阳区
朝阳区
大兴区
大兴区
大兴区
大兴区
朝阳区
大兴区
大兴区
朝阳区
大兴区
大兴区
大兴区
大兴区
大兴区
大兴区
丰台区
丰台区
丰台区
丰台区
丰台区
丰台区
丰台区
朝阳区
西城区
西城区
西城区
西城区
西城区
东城区
东城区
东城区
朝阳区
朝阳区
朝阳区
朝阳区
朝阳区
东城区
东城区
东城区
东城区
丰台区
丰台区
丰台区
丰台区
丰台区
朝阳区
东城区
东城区
东城区
东城区
丰台区
丰台区
丰台区
房山区
朝阳区
朝阳区
朝阳区
朝阳区
朝阳区
朝阳区
朝阳区
朝阳区
朝阳区
朝阳区
朝阳区
朝阳区
朝阳区
朝阳区
朝阳区
朝阳区
朝阳区
朝阳区
朝阳区
朝阳区
朝阳区
朝阳区
朝阳区
海淀区
海淀区
海淀区
海淀区
海淀区
东城区
东城区
东城区
朝阳区
朝阳区
朝阳区
朝阳区
朝阳区
朝阳区
朝阳区
西城区
西城区
西城区
西城区
西城区
西城区
房山区
房山区
房山区
房山区
朝阳区
朝阳区
朝阳区
朝阳区
海淀区
海淀区
海淀区
海淀区
海淀区
朝阳区
朝阳区
朝阳区
朝阳区
朝阳区
房山区
房山区
房山区
西城区
西城区
西城区
朝阳区
朝阳区
朝阳区
朝阳区
朝阳区
朝阳区
朝阳区
朝阳区
朝阳区
朝阳区
朝阳区
朝阳区
朝阳区
朝阳区
朝阳区
朝阳区
东城区
朝阳区
朝阳区
朝阳区
朝阳区
朝阳区
朝阳区
朝阳区
朝阳区
朝阳区
丰台区
丰台区
丰台区
丰台区
东城区
东城区
东城区
丰台区
丰台区
丰台区
丰台区
朝阳区
朝阳区
朝阳区
朝阳区
朝阳区
东城区
朝阳区
朝阳区
朝阳区
朝阳区
朝阳区
朝阳区
朝阳区
朝阳区
朝阳区
丰台区
丰台区
丰台区
丰台区
丰台区
东城区
东城区
东城区
朝阳区
朝阳区
朝阳区
朝阳区
朝阳区
朝阳区
朝阳区
朝阳区
大兴区
大兴区
大兴区
大兴区
大兴区
大兴区
大兴区
大兴区
丰台区
丰台区
丰台区
丰台区
丰台区
丰台区
丰台区
丰台区
丰台区
丰台区
丰台区
丰台区
丰台区
丰台区
丰台区
丰台区
丰台区
丰台区
丰台区
西城区
海淀区
西城区
海淀区
朝阳区
朝阳区
朝阳区
朝阳区
东城区
东城区
东城区
东城区
东城区
朝阳区
朝阳区
朝阳区
朝阳区
朝阳区
朝阳区
朝阳区
朝阳区
朝阳区
朝阳区
朝阳区
朝阳区
朝阳区
朝阳区
朝阳区
朝阳区
朝阳区
丰台区
丰台区
丰台区
丰台区
丰台区
海淀区
海淀区
海淀区
海淀区
海淀区
海淀区
海淀区
海淀区
海淀区
海淀区
朝阳区
朝阳区
朝阳区
朝阳区
朝阳区
朝阳区
朝阳区
朝阳区
朝阳区
朝阳区
朝阳区
朝阳区
朝阳区
朝阳区
朝阳区
朝阳区
朝阳区
朝阳区
朝阳区
朝阳区
朝阳区
朝阳区
朝阳区
朝阳区
朝阳区
朝阳区
朝阳区
石景山区
朝阳区
朝阳区
朝阳区
朝阳区
西城区
西城区
西城区
朝阳区
朝阳区
东城区
朝阳区
朝阳区
朝阳区
朝阳区
朝阳区
丰台区
丰台区
丰台区
朝阳区
朝阳区
朝阳区
朝阳区
朝阳区
朝阳区
朝阳区
朝阳区
海淀区
海淀区
海淀区
海淀区
朝阳区
朝阳区
朝阳区
朝阳区
朝阳区
朝阳区
朝阳区
海淀区
海淀区
海淀区
海淀区
朝阳区
朝阳区
朝阳区
大兴区
大兴区
大兴区
大兴区
大兴区
大兴区
大兴区
大兴区
大兴区
大兴区
丰台区
丰台区
大兴区
朝阳区
昌平区
大兴区
大兴区
大兴区
大兴区
大兴区
大兴区
大兴区
大兴区
大兴区
大兴区
朝阳区
朝阳区
朝阳区
朝阳区
朝阳区
朝阳区
朝阳区
朝阳区
朝阳区
朝阳区
朝阳区
朝阳区
朝阳区
朝阳区
朝阳区
朝阳区
朝阳区
朝阳区
顺义区
顺义区
顺义区
顺义区
海淀区
海淀区
海淀区
海淀区
海淀区
朝阳区
朝阳区
朝阳区
朝阳区
朝阳区
朝阳区
朝阳区
朝阳区
丰台区
丰台区
丰台区
丰台区
朝阳区
朝阳区
朝阳区
朝阳区
朝阳区
东城区
东城区
东城区
东城区
朝阳区
朝阳区
大兴区
大兴区
大兴区
大兴区
大兴区
朝阳区
朝阳区
朝阳区
朝阳区
朝阳区
朝阳区
东城区
朝阳区
朝阳区
朝阳区
朝阳区
朝阳区
朝阳区
丰台区
丰台区
丰台区
丰台区
丰台区
丰台区
丰台区
丰台区
丰台区
丰台区
朝阳区
朝阳区
朝阳区
朝阳区
朝阳区
海淀区
海淀区
海淀区
海淀区
东城区
东城区
东城区
东城区
东城区
朝阳区
朝阳区
朝阳区
东城区
东城区
东城区
朝阳区
朝阳区
朝阳区
朝阳区
朝阳区
朝阳区
朝阳区
朝阳区
朝阳区
朝阳区
朝阳区
朝阳区
朝阳区
朝阳区
朝阳区
朝阳区
朝阳区
朝阳区
朝阳区
朝阳区
朝阳区
东城区
东城区
东城区
东城区
东城区
东城区
东城区
朝阳区
朝阳区
朝阳区
朝阳区
东城区
东城区
东城区
东城区
东城区
东城区
朝阳区
朝阳区
朝阳区
朝阳区
朝阳区
朝阳区
朝阳区
朝阳区
朝阳区
朝阳区
朝阳区
朝阳区
朝阳区
朝阳区
朝阳区
朝阳区
东城区
东城区
东城区
东城区
朝阳区
东城区
朝阳区
东城区
朝阳区
朝阳区
朝阳区
朝阳区
朝阳区
朝阳区
朝阳区
朝阳区
朝阳区
朝阳区
朝阳区
朝阳区
朝阳区
朝阳区
朝阳区
朝阳区
朝阳区
朝阳区
朝阳区
朝阳区
朝阳区
朝阳区
朝阳区
朝阳区
朝阳区
朝阳区
朝阳区
朝阳区
朝阳区
朝阳区
朝阳区
朝阳区
朝阳区
朝阳区
朝阳区
朝阳区
朝阳区
朝阳区
朝阳区
朝阳区
朝阳区
朝阳区
朝阳区
朝阳区
朝阳区
朝阳区
朝阳区
朝阳区
朝阳区
朝阳区
朝阳区
朝阳区
朝阳区
朝阳区
朝阳区
海淀区
海淀区
海淀区
海淀区
朝阳区
朝阳区
朝阳区
朝阳区
朝阳区
朝阳区
朝阳区
朝阳区
东城区
东城区
东城区
东城区
朝阳区
朝阳区
朝阳区
朝阳区
朝阳区
朝阳区
朝阳区
朝阳区
朝阳区
朝阳区
朝阳区
朝阳区
朝阳区
朝阳区
朝阳区
朝阳区
朝阳区
朝阳区
朝阳区
朝阳区
朝阳区
朝阳区
朝阳区
朝阳区
朝阳区
朝阳区
朝阳区
朝阳区
朝阳区
朝阳区
朝阳区
朝阳区
朝阳区
房山区
房山区
房山区
房山区
房山区
朝阳区
朝阳区
朝阳区
朝阳区
朝阳区
朝阳区
朝阳区
朝阳区
朝阳区
朝阳区
朝阳区
朝阳区
朝阳区
朝阳区
朝阳区
朝阳区
朝阳区
朝阳区
丰台区
丰台区
丰台区
丰台区
丰台区
朝阳区
朝阳区
朝阳区
朝阳区
朝阳区
朝阳区
朝阳区
朝阳区
朝阳区
朝阳区
朝阳区
朝阳区
朝阳区
朝阳区
丰台区
丰台区
海淀区
朝阳区
朝阳区
朝阳区
朝阳区
朝阳区
朝阳区
朝阳区
西城区
东城区
东城区
东城区
东城区
东城区
东城区
东城区
东城区
东城区
东城区
朝阳区
朝阳区
朝阳区
朝阳区
朝阳区
朝阳区
朝阳区
朝阳区
通州区
朝阳区
通州区
丰台区
丰台区
丰台区
丰台区
朝阳区
朝阳区
朝阳区
朝阳区
朝阳区
朝阳区
朝阳区
朝阳区
朝阳区
东城区
东城区
东城区
东城区
东城区
丰台区
丰台区
丰台区
丰台区
丰台区
朝阳区
朝阳区
朝阳区
朝阳区
朝阳区
朝阳区
朝阳区
朝阳区
朝阳区
丰台区
丰台区
丰台区
丰台区
丰台区
朝阳区
朝阳区
朝阳区
朝阳区
朝阳区
朝阳区
朝阳区
朝阳区
朝阳区
朝阳区
海淀区
海淀区
海淀区
东城区
东城区
东城区
东城区
东城区
东城区
东城区
东城区
东城区
东城区
丰台区
丰台区
丰台区
东城区
东城区
东城区
东城区
东城区
朝阳区
朝阳区
东城区
东城区
东城区
朝阳区
朝阳区
朝阳区
朝阳区
朝阳区
朝阳区
朝阳区
东城区
朝阳区
大兴区
大兴区
大兴区
大兴区
丰台区
丰台区
丰台区
丰台区
朝阳区
朝阳区
朝阳区
朝阳区
朝阳区
朝阳区
朝阳区
朝阳区
朝阳区
朝阳区
海淀区
海淀区
海淀区
海淀区
大兴区
大兴区
大兴区
大兴区
大兴区
朝阳区
朝阳区
朝阳区
朝阳区
朝阳区
朝阳区
东城区
东城区
东城区
东城区
东城区
东城区
东城区
东城区
朝阳区
朝阳区
朝阳区
朝阳区
朝阳区
丰台区
丰台区
丰台区
丰台区
朝阳区
朝阳区
朝阳区
朝阳区
朝阳区
昌平区
朝阳区
朝阳区
朝阳区
朝阳区
朝阳区
大兴区
大兴区
大兴区
房山区
房山区
海淀区
海淀区
海淀区
东城区
东城区
东城区
东城区
朝阳区
朝阳区
朝阳区
朝阳区
西城区
西城区
西城区
西城区
朝阳区
朝阳区
朝阳区
朝阳区
朝阳区
朝阳区
朝阳区
朝阳区
东城区
朝阳区
朝阳区
朝阳区
朝阳区
朝阳区
朝阳区
朝阳区
朝阳区
朝阳区
朝阳区
海淀区
海淀区
海淀区
海淀区
海淀区
朝阳区
朝阳区
朝阳区
朝阳区
朝阳区
朝阳区
朝阳区
丰台区
大兴区
朝阳区
朝阳区
朝阳区
朝阳区
朝阳区
朝阳区
朝阳区
朝阳区
海淀区
海淀区
海淀区
西城区
西城区
房山区
房山区
房山区
房山区
房山区
朝阳区
朝阳区
朝阳区
朝阳区
海淀区
海淀区
海淀区
海淀区
海淀区
朝阳区
朝阳区
朝阳区
朝阳区
朝阳区
通州区
通州区
通州区
通州区
通州区
通州区
通州区
通州区
房山区
房山区
房山区
通州区
通州区
通州区
通州区
海淀区
海淀区
海淀区
海淀区
海淀区
海淀区
海淀区
海淀区
海淀区
海淀区
丰台区
丰台区
丰台区
丰台区
大兴区
大兴区
大兴区
大兴区
大兴区
海淀区
海淀区
海淀区
海淀区
朝阳区
朝阳区
朝阳区
朝阳区
朝阳区
丰台区
丰台区
丰台区
丰台区
丰台区
朝阳区
朝阳区
朝阳区
朝阳区
朝阳区
丰台区
丰台区
丰台区
丰台区
朝阳区
朝阳区
朝阳区
朝阳区
通州区
通州区
通州区
通州区
通州区
丰台区
丰台区
朝阳区
朝阳区
朝阳区
朝阳区
朝阳区
丰台区
丰台区
丰台区
丰台区
通州区
通州区
通州区
通州区
丰台区
丰台区
丰台区
丰台区
丰台区
丰台区
丰台区
丰台区
丰台区
朝阳区
朝阳区
朝阳区
朝阳区
朝阳区
海淀区
海淀区
海淀区
海淀区
海淀区
海淀区
海淀区
海淀区
海淀区
朝阳区
朝阳区
朝阳区
朝阳区
朝阳区
朝阳区
朝阳区
朝阳区
朝阳区
朝阳区
朝阳区
朝阳区
朝阳区
朝阳区
朝阳区
朝阳区
朝阳区
朝阳区
朝阳区
朝阳区
朝阳区
通州区
通州区
通州区
通州区
朝阳区
朝阳区
朝阳区
朝阳区
朝阳区
海淀区
海淀区
海淀区
海淀区
海淀区
朝阳区
朝阳区
朝阳区
东城区
东城区
东城区
东城区
东城区
东城区
东城区
东城区
东城区
东城区
东城区
东城区
朝阳区
朝阳区
朝阳区
朝阳区
朝阳区
朝阳区
朝阳区
朝阳区
朝阳区
房山区
房山区
房山区
房山区
房山区
大兴区
大兴区
大兴区
大兴区
大兴区
海淀区
海淀区
海淀区
海淀区
海淀区
海淀区
海淀区
海淀区
海淀区
海淀区
朝阳区
海淀区
海淀区
海淀区
海淀区
海淀区
朝阳区
朝阳区
海淀区
朝阳区
海淀区
海淀区
东城区
东城区
西城区
西城区
东城区
东城区
西城区
通州区
通州区
通州区
通州区
朝阳区
朝阳区
朝阳区
朝阳区
朝阳区
西城区
西城区
西城区
西城区
西城区
西城区
西城区
西城区
海淀区
海淀区
海淀区
海淀区
通州区
通州区
通州区
通州区
通州区
通州区
通州区
通州区
通州区
通州区
朝阳区
丰台区
朝阳区
丰台区
朝阳区
丰台区
朝阳区
朝阳区
朝阳区
朝阳区
朝阳区
朝阳区
朝阳区
朝阳区
朝阳区
丰台区
丰台区
丰台区
丰台区
丰台区
西城区
西城区
西城区
西城区
西城区
丰台区
丰台区
丰台区
丰台区
丰台区
丰台区
丰台区
丰台区
丰台区
丰台区
丰台区
丰台区
丰台区
丰台区
房山区
房山区
房山区
丰台区
丰台区
丰台区
丰台区
丰台区
海淀区
海淀区
海淀区
海淀区
海淀区
朝阳区
朝阳区
朝阳区
朝阳区
朝阳区
门头沟区
门头沟区
门头沟区
门头沟区
海淀区
海淀区
海淀区
海淀区
朝阳区
朝阳区
朝阳区
朝阳区
海淀区
海淀区
海淀区
海淀区
海淀区
大兴区
大兴区
大兴区
大兴区
大兴区
大兴区
大兴区
大兴区
昌平区
昌平区
昌平区
朝阳区
朝阳区
通州区
朝阳区
通州区
朝阳区
丰台区
丰台区
丰台区
丰台区
丰台区
朝阳区
朝阳区
朝阳区
朝阳区
朝阳区
朝阳区
朝阳区
朝阳区
朝阳区
朝阳区
海淀区
海淀区
海淀区
海淀区
海淀区
海淀区
海淀区
海淀区
海淀区
海淀区
丰台区
丰台区
丰台区
朝阳区
朝阳区
朝阳区
朝阳区
朝阳区
朝阳区
朝阳区
房山区
房山区
房山区
房山区
房山区
海淀区
海淀区
海淀区
海淀区
丰台区
丰台区
丰台区
丰台区
丰台区
丰台区
丰台区
丰台区
丰台区
丰台区
丰台区
丰台区
丰台区
海淀区
海淀区
海淀区
海淀区
朝阳区
朝阳区
朝阳区
朝阳区
朝阳区
大兴区
大兴区
大兴区
东城区
东城区
东城区
东城区
东城区
东城区
东城区
东城区
朝阳区
朝阳区
朝阳区
朝阳区
朝阳区
朝阳区
朝阳区
朝阳区
朝阳区
朝阳区
朝阳区
朝阳区
朝阳区
朝阳区
朝阳区
朝阳区
朝阳区
朝阳区
海淀区
海淀区
海淀区
大兴区
大兴区
大兴区
丰台区
丰台区
丰台区
丰台区
通州区
通州区
通州区
通州区
通州区
丰台区
丰台区
丰台区
丰台区
丰台区
丰台区
通州区
通州区
通州区
丰台区
丰台区
丰台区
丰台区
丰台区
朝阳区
朝阳区
朝阳区
朝阳区
朝阳区
朝阳区
朝阳区
朝阳区
朝阳区
朝阳区
海淀区
海淀区
海淀区
海淀区
海淀区
大兴区
大兴区
大兴区
朝阳区
朝阳区
朝阳区
朝阳区
朝阳区
大兴区
大兴区
大兴区
大兴区
大兴区
朝阳区
朝阳区
朝阳区
朝阳区
朝阳区
朝阳区
朝阳区
朝阳区
朝阳区
朝阳区
朝阳区
通州区
通州区
通州区
通州区
通州区
朝阳区
朝阳区
朝阳区
朝阳区
朝阳区
朝阳区
朝阳区
朝阳区
朝阳区
朝阳区
朝阳区
朝阳区
朝阳区
朝阳区
朝阳区
朝阳区
朝阳区
朝阳区
朝阳区
朝阳区
朝阳区
朝阳区
朝阳区
朝阳区
朝阳区
朝阳区
朝阳区
朝阳区
丰台区
丰台区
朝阳区
朝阳区
朝阳区
朝阳区
朝阳区
朝阳区
朝阳区
朝阳区
朝阳区
朝阳区
朝阳区
朝阳区
朝阳区
朝阳区
朝阳区
朝阳区
朝阳区
朝阳区
朝阳区
朝阳区
朝阳区
朝阳区
朝阳区
朝阳区
朝阳区
朝阳区
朝阳区
朝阳区
朝阳区
朝阳区
朝阳区
朝阳区
朝阳区
朝阳区
丰台区
朝阳区
丰台区
朝阳区
朝阳区
朝阳区
朝阳区
朝阳区
朝阳区
朝阳区
丰台区
丰台区
丰台区
丰台区
丰台区
大兴区
大兴区
大兴区
大兴区
东城区
东城区
东城区
东城区
朝阳区
朝阳区
朝阳区
朝阳区
朝阳区
朝阳区
朝阳区
朝阳区
朝阳区
东城区
东城区
东城区
东城区
朝阳区
朝阳区
朝阳区
朝阳区
朝阳区
朝阳区
朝阳区
朝阳区
朝阳区
朝阳区
朝阳区
朝阳区
丰台区
丰台区
丰台区
丰台区
丰台区
丰台区
丰台区
丰台区
丰台区
朝阳区
朝阳区
朝阳区
丰台区
丰台区
丰台区
丰台区
丰台区
丰台区
丰台区
丰台区
丰台区
丰台区
丰台区
丰台区
大兴区
大兴区
大兴区
大兴区
大兴区
朝阳区
朝阳区
朝阳区
朝阳区
朝阳区
海淀区
海淀区
海淀区
海淀区
朝阳区
朝阳区
朝阳区
朝阳区
朝阳区
朝阳区
朝阳区
朝阳区
朝阳区
丰台区
丰台区
丰台区
丰台区
丰台区
朝阳区
朝阳区
朝阳区
朝阳区
朝阳区
朝阳区
朝阳区
朝阳区
朝阳区
朝阳区
朝阳区
朝阳区
朝阳区
朝阳区
丰台区
朝阳区
朝阳区
朝阳区
朝阳区
朝阳区
朝阳区
朝阳区
丰台区
丰台区
丰台区
丰台区
丰台区
丰台区
丰台区
丰台区
丰台区
丰台区
丰台区
通州区
通州区
通州区
通州区
通州区
丰台区
丰台区
丰台区
丰台区
丰台区
丰台区
丰台区
丰台区
丰台区
丰台区
大兴区
大兴区
大兴区
大兴区
大兴区
丰台区
丰台区
丰台区
朝阳区
朝阳区
朝阳区
朝阳区
朝阳区
朝阳区
朝阳区
朝阳区
朝阳区
朝阳区
朝阳区
朝阳区
朝阳区
朝阳区
朝阳区
朝阳区
朝阳区
朝阳区
朝阳区
朝阳区
朝阳区
朝阳区
朝阳区
朝阳区
朝阳区
朝阳区
朝阳区
朝阳区
朝阳区
朝阳区
朝阳区
朝阳区
朝阳区
朝阳区
朝阳区
朝阳区
朝阳区
朝阳区
朝阳区
朝阳区
朝阳区
朝阳区
朝阳区
朝阳区
朝阳区
朝阳区
朝阳区
朝阳区
朝阳区
朝阳区
朝阳区
朝阳区
朝阳区
朝阳区
朝阳区
海淀区
海淀区
海淀区
海淀区
海淀区
海淀区
海淀区
海淀区
海淀区
海淀区
海淀区
海淀区
朝阳区
朝阳区
朝阳区
朝阳区
朝阳区
朝阳区
丰台区
丰台区
丰台区
丰台区
丰台区
丰台区
丰台区
丰台区
丰台区
丰台区
丰台区
丰台区
丰台区
丰台区
丰台区
朝阳区
朝阳区
朝阳区
朝阳区
朝阳区
朝阳区
朝阳区
朝阳区
朝阳区
朝阳区
朝阳区
通州区
通州区
朝阳区
朝阳区
朝阳区
朝阳区
朝阳区
通州区
通州区
通州区
通州区
朝阳区
朝阳区
朝阳区
丰台区
丰台区
丰台区
丰台区
丰台区
朝阳区
大兴区
大兴区
东城区
丰台区
朝阳区
朝阳区
朝阳区
朝阳区
丰台区
朝阳区
东城区
东城区
东城区
东城区
朝阳区
朝阳区
朝阳区
朝阳区
朝阳区
东城区
东城区
东城区
大兴区
大兴区
大兴区
大兴区
朝阳区
朝阳区
东城区
东城区
东城区
海淀区
海淀区
西城区
石景山区
通州区
通州区
朝阳区
朝阳区
朝阳区
朝阳区
朝阳区
朝阳区
朝阳区
朝阳区
朝阳区
朝阳区
朝阳区
朝阳区
通州区
通州区
通州区
通州区
东城区
东城区
丰台区
丰台区
丰台区
丰台区
丰台区
海淀区
海淀区
海淀区
海淀区
海淀区
朝阳区
朝阳区
朝阳区
朝阳区
朝阳区
朝阳区
朝阳区
朝阳区
石景山区
石景山区
石景山区
石景山区
昌平区
昌平区
昌平区
昌平区
朝阳区
朝阳区
朝阳区
朝阳区
房山区
房山区
房山区
房山区
房山区
朝阳区
朝阳区
朝阳区
朝阳区
朝阳区
朝阳区
朝阳区
朝阳区
朝阳区
朝阳区
丰台区
丰台区
丰台区
丰台区
丰台区
丰台区
丰台区
丰台区
朝阳区
朝阳区
朝阳区
朝阳区
朝阳区
朝阳区
朝阳区
朝阳区
朝阳区
朝阳区
朝阳区
朝阳区
昌平区
昌平区
昌平区
昌平区
海淀区
朝阳区
朝阳区
朝阳区
丰台区
丰台区
丰台区
朝阳区
朝阳区
朝阳区
朝阳区
朝阳区
朝阳区
朝阳区
朝阳区
通州区
通州区
通州区
通州区
通州区
通州区
通州区
通州区
通州区
通州区
通州区
通州区
通州区
通州区
通州区
通州区
通州区
通州区
通州区
通州区
通州区
海淀区
石景山区
西城区
西城区
海淀区
海淀区
海淀区
朝阳区
朝阳区
朝阳区
朝阳区
海淀区
石景山区
海淀区
朝阳区
朝阳区
朝阳区
朝阳区
东城区
丰台区
朝阳区
丰台区
丰台区
丰台区
西城区
西城区
西城区
西城区
朝阳区
朝阳区
朝阳区
朝阳区
朝阳区
朝阳区
朝阳区
朝阳区
东城区
朝阳区
朝阳区
朝阳区
朝阳区
朝阳区
朝阳区
朝阳区
朝阳区
朝阳区
海淀区
海淀区
海淀区
海淀区
海淀区
海淀区
朝阳区
朝阳区
朝阳区
朝阳区
朝阳区
朝阳区
朝阳区
朝阳区
朝阳区
朝阳区
朝阳区
海淀区
海淀区
海淀区
海淀区
海淀区
朝阳区
朝阳区
朝阳区
朝阳区
朝阳区
东城区
东城区
东城区
东城区
朝阳区
朝阳区
朝阳区
朝阳区
东城区
朝阳区
朝阳区
朝阳区
朝阳区
东城区
朝阳区
朝阳区
朝阳区
朝阳区
朝阳区
朝阳区
朝阳区
朝阳区
朝阳区
朝阳区
朝阳区
朝阳区
朝阳区
房山区
房山区
房山区
房山区
房山区
丰台区
丰台区
丰台区
丰台区
朝阳区
昌平区
昌平区
海淀区
海淀区
海淀区
海淀区
海淀区
大兴区
大兴区
大兴区
大兴区
朝阳区
朝阳区
朝阳区
朝阳区
丰台区
丰台区
丰台区
丰台区
丰台区
西城区
西城区
西城区
大兴区
大兴区
大兴区
大兴区
大兴区
朝阳区
朝阳区
朝阳区
朝阳区
通州区
通州区
通州区
朝阳区
朝阳区
朝阳区
朝阳区
丰台区
丰台区
丰台区
丰台区
丰台区
丰台区
丰台区
丰台区
丰台区
丰台区
丰台区
丰台区
东城区
丰台区
丰台区
海淀区
海淀区
昌平区
昌平区
昌平区
昌平区
昌平区
海淀区
海淀区
海淀区
海淀区
海淀区
大兴区
丰台区
丰台区
丰台区
顺义区
朝阳区
朝阳区
朝阳区
朝阳区
西城区
西城区
西城区
西城区
朝阳区
朝阳区
朝阳区
朝阳区
朝阳区
通州区
通州区
通州区
通州区
昌平区
丰台区
丰台区
朝阳区
朝阳区
海淀区
海淀区
海淀区
丰台区
房山区
房山区
房山区
房山区
房山区
丰台区
丰台区
丰台区
丰台区
丰台区
丰台区
丰台区
丰台区
丰台区
丰台区
东城区
海淀区
昌平区
海淀区
昌平区
昌平区
朝阳区
朝阳区
朝阳区
朝阳区
朝阳区
朝阳区
朝阳区
朝阳区
朝阳区
朝阳区
朝阳区
朝阳区
朝阳区
朝阳区
朝阳区
朝阳区
朝阳区
朝阳区
朝阳区
海淀区
海淀区
海淀区
海淀区
海淀区
朝阳区
朝阳区
朝阳区
海淀区
海淀区
海淀区
海淀区
海淀区
朝阳区
朝阳区
海淀区
朝阳区
朝阳区
朝阳区
朝阳区
朝阳区
朝阳区
朝阳区
朝阳区
朝阳区
朝阳区
朝阳区
朝阳区
朝阳区
朝阳区
东城区
东城区
东城区
东城区
东城区
东城区
东城区
东城区
东城区
东城区
朝阳区
朝阳区
朝阳区
朝阳区
丰台区
顺义区
顺义区
朝阳区
朝阳区
朝阳区
朝阳区
朝阳区
朝阳区
朝阳区
朝阳区
朝阳区
朝阳区
朝阳区
朝阳区
朝阳区
朝阳区
朝阳区
朝阳区
朝阳区
朝阳区
朝阳区
朝阳区
朝阳区
朝阳区
朝阳区
朝阳区
朝阳区
朝阳区
朝阳区
朝阳区
朝阳区
丰台区
丰台区
丰台区
丰台区
丰台区
大兴区
大兴区
大兴区
朝阳区
朝阳区
朝阳区
朝阳区
朝阳区
海淀区
海淀区
海淀区
海淀区
朝阳区
朝阳区
海淀区
海淀区
海淀区
朝阳区
朝阳区
海淀区
海淀区
海淀区
昌平区
昌平区
昌平区
丰台区
丰台区
丰台区
丰台区
丰台区
丰台区
丰台区
丰台区
丰台区
丰台区
朝阳区
朝阳区
朝阳区
朝阳区
朝阳区
朝阳区
朝阳区
朝阳区
朝阳区
朝阳区
朝阳区
朝阳区
朝阳区
朝阳区
朝阳区
朝阳区
朝阳区
朝阳区
朝阳区
朝阳区
朝阳区
朝阳区
朝阳区
朝阳区
丰台区
丰台区
丰台区
丰台区
朝阳区
朝阳区
朝阳区
朝阳区
朝阳区
朝阳区
朝阳区
朝阳区
朝阳区
朝阳区
朝阳区
朝阳区
朝阳区
朝阳区
朝阳区
朝阳区
朝阳区
朝阳区
朝阳区
朝阳区
朝阳区
朝阳区
朝阳区
朝阳区
朝阳区
通州区
通州区
通州区
通州区
通州区
朝阳区
朝阳区
朝阳区
朝阳区
丰台区
丰台区
丰台区
丰台区
丰台区
丰台区
丰台区
丰台区
朝阳区
朝阳区
朝阳区
朝阳区
朝阳区
朝阳区
朝阳区
朝阳区
朝阳区
东城区
东城区
东城区
东城区
东城区
东城区
东城区
朝阳区
朝阳区
朝阳区
丰台区
朝阳区
朝阳区
朝阳区
朝阳区
朝阳区
朝阳区
东城区
东城区
东城区
东城区
东城区
丰台区
丰台区
丰台区
丰台区
东城区
东城区
东城区
东城区
朝阳区
朝阳区
朝阳区
朝阳区
朝阳区
朝阳区
丰台区
丰台区
丰台区
丰台区
丰台区
朝阳区
朝阳区
朝阳区
大兴区
大兴区
大兴区
大兴区
大兴区
大兴区
大兴区
大兴区
大兴区
大兴区
丰台区
丰台区
丰台区
丰台区
大兴区
大兴区
大兴区
大兴区
大兴区
朝阳区
朝阳区
朝阳区
丰台区
丰台区
丰台区
丰台区
丰台区
丰台区
丰台区
丰台区
丰台区
丰台区
通州区
通州区
通州区
通州区
通州区
朝阳区
东城区
东城区
东城区
东城区
西城区
丰台区
东城区
东城区
朝阳区
朝阳区
朝阳区
朝阳区
朝阳区
朝阳区
朝阳区
朝阳区
朝阳区
朝阳区
朝阳区
朝阳区
朝阳区
朝阳区
朝阳区
朝阳区
朝阳区
朝阳区
朝阳区
通州区
通州区
通州区
通州区
通州区
朝阳区
朝阳区
朝阳区
朝阳区
朝阳区
朝阳区
朝阳区
朝阳区
朝阳区
朝阳区
丰台区
丰台区
丰台区
丰台区
丰台区
朝阳区
朝阳区
朝阳区
朝阳区
朝阳区
朝阳区
朝阳区
通州区
通州区
通州区
通州区
海淀区
海淀区
海淀区
海淀区
海淀区
丰台区
丰台区
丰台区
丰台区
丰台区
丰台区
朝阳区
朝阳区
朝阳区
朝阳区
朝阳区
朝阳区
朝阳区
朝阳区
朝阳区
朝阳区
朝阳区
朝阳区
朝阳区
朝阳区
朝阳区
朝阳区
朝阳区
朝阳区
朝阳区
朝阳区
朝阳区
朝阳区
朝阳区
丰台区
西城区
西城区
西城区
西城区
房山区
房山区
房山区
房山区
房山区
房山区
房山区
房山区
房山区
朝阳区
朝阳区
朝阳区
朝阳区
朝阳区
朝阳区
朝阳区
朝阳区
朝阳区
朝阳区
丰台区
丰台区
丰台区
丰台区
丰台区
丰台区
丰台区
丰台区
丰台区
丰台区
丰台区
丰台区
东城区
东城区
东城区
东城区
东城区
东城区
东城区
东城区
东城区
东城区
东城区
东城区
朝阳区
朝阳区
朝阳区
朝阳区
朝阳区
朝阳区
朝阳区
朝阳区
朝阳区
朝阳区
朝阳区
朝阳区
朝阳区
朝阳区
朝阳区
朝阳区
通州区
通州区
通州区
朝阳区
朝阳区
朝阳区
朝阳区
朝阳区
丰台区
丰台区
海淀区
海淀区
海淀区
丰台区
丰台区
丰台区
丰台区
丰台区
海淀区
海淀区
海淀区
海淀区
海淀区
海淀区
海淀区
海淀区
朝阳区
朝阳区
朝阳区
朝阳区
朝阳区
朝阳区
丰台区
丰台区
丰台区
西城区
海淀区
丰台区
丰台区
丰台区
西城区
海淀区
丰台区
丰台区
丰台区
西城区
海淀区
丰台区
丰台区
丰台区
丰台区
丰台区
丰台区
丰台区
昌平区
昌平区
昌平区
昌平区
海淀区
海淀区
海淀区
海淀区
海淀区
朝阳区
朝阳区
朝阳区
朝阳区
朝阳区
海淀区
海淀区
海淀区
海淀区
朝阳区
朝阳区
朝阳区
朝阳区
朝阳区
朝阳区
朝阳区
朝阳区
朝阳区
朝阳区
朝阳区
朝阳区
朝阳区
朝阳区
朝阳区
朝阳区
朝阳区
朝阳区
海淀区
海淀区
海淀区
海淀区
海淀区
朝阳区
朝阳区
朝阳区
朝阳区
朝阳区
朝阳区
东城区
东城区
朝阳区
东城区
东城区
东城区
东城区
朝阳区
东城区
东城区
西城区
西城区
西城区
西城区
朝阳区
朝阳区
朝阳区
朝阳区
大兴区
大兴区
朝阳区
朝阳区
朝阳区
朝阳区
朝阳区
东城区
东城区
东城区
东城区
东城区
东城区
东城区
东城区
朝阳区
朝阳区
朝阳区
朝阳区
朝阳区
朝阳区
朝阳区
朝阳区
朝阳区
朝阳区
朝阳区
朝阳区
朝阳区
朝阳区
朝阳区
朝阳区
朝阳区
朝阳区
朝阳区
朝阳区
朝阳区
朝阳区
朝阳区
朝阳区
朝阳区
朝阳区
朝阳区
通州区
通州区
丰台区
丰台区
丰台区
朝阳区
朝阳区
朝阳区
朝阳区
朝阳区
朝阳区
朝阳区
朝阳区
朝阳区
朝阳区
朝阳区
朝阳区
朝阳区
朝阳区
朝阳区
朝阳区
朝阳区
朝阳区
朝阳区
朝阳区
朝阳区
朝阳区
通州区
通州区
通州区
通州区
通州区
通州区
通州区
通州区
通州区
通州区
丰台区
丰台区
丰台区
丰台区
丰台区
丰台区
丰台区
丰台区
朝阳区
朝阳区
朝阳区
朝阳区
朝阳区
大兴区
大兴区
大兴区
大兴区
大兴区
朝阳区
朝阳区
朝阳区
朝阳区
朝阳区
西城区
西城区
西城区
西城区
西城区
朝阳区
朝阳区
朝阳区
朝阳区
朝阳区
朝阳区
朝阳区
朝阳区
海淀区
海淀区
海淀区
海淀区
海淀区
朝阳区
朝阳区
朝阳区
朝阳区
朝阳区
朝阳区
大兴区
大兴区
大兴区
大兴区
大兴区
海淀区
海淀区
海淀区
海淀区
海淀区
海淀区
海淀区
海淀区
海淀区
海淀区
丰台区
丰台区
丰台区
西城区
西城区
房山区
房山区
房山区
房山区
房山区
朝阳区
朝阳区
朝阳区
朝阳区
朝阳区
朝阳区
朝阳区
通州区
通州区
通州区
朝阳区
朝阳区
朝阳区
朝阳区
朝阳区
朝阳区
朝阳区
朝阳区
朝阳区
朝阳区
东城区
东城区
东城区
东城区
东城区
东城区
东城区
东城区
东城区
东城区
丰台区
丰台区
丰台区
丰台区
丰台区
房山区
朝阳区
朝阳区
朝阳区
朝阳区
朝阳区
朝阳区
东城区
东城区
朝阳区
东城区
东城区
朝阳区
朝阳区
朝阳区
朝阳区
东城区
东城区
东城区
朝阳区
朝阳区
朝阳区
朝阳区
朝阳区
朝阳区
东城区
东城区
东城区
东城区
朝阳区
朝阳区
朝阳区
朝阳区
朝阳区
朝阳区
朝阳区
朝阳区
朝阳区
朝阳区
大兴区
通州区
通州区
通州区
通州区
朝阳区
朝阳区
朝阳区
朝阳区
朝阳区
丰台区
丰台区
丰台区
丰台区
丰台区
丰台区
丰台区
丰台区
丰台区
朝阳区
朝阳区
房山区
房山区
房山区
房山区
房山区
朝阳区
朝阳区
朝阳区
丰台区
丰台区
丰台区
东城区
东城区
东城区
东城区
东城区
东城区
东城区
东城区
东城区
东城区
东城区
东城区
东城区
东城区
东城区
东城区
东城区
东城区
东城区
东城区
东城区
东城区
朝阳区
朝阳区
朝阳区
朝阳区
朝阳区
朝阳区
朝阳区
东城区
朝阳区
朝阳区
朝阳区
朝阳区
朝阳区
朝阳区
东城区
朝阳区
东城区
朝阳区
东城区
东城区
东城区
东城区
东城区
通州区
通州区
通州区
朝阳区
朝阳区
朝阳区
朝阳区
朝阳区
海淀区
海淀区
海淀区
海淀区
海淀区
东城区
东城区
东城区
通州区
通州区
通州区
通州区
朝阳区
朝阳区
朝阳区
朝阳区
朝阳区
朝阳区
朝阳区
朝阳区
朝阳区
朝阳区
朝阳区
朝阳区
朝阳区
朝阳区
海淀区
海淀区
海淀区
海淀区
海淀区
昌平区
丰台区
丰台区
丰台区
朝阳区
朝阳区
朝阳区
朝阳区
朝阳区
朝阳区
朝阳区
朝阳区
朝阳区
朝阳区
朝阳区
朝阳区
朝阳区
朝阳区
朝阳区
丰台区
丰台区
丰台区
丰台区
丰台区
东城区
东城区
东城区
朝阳区
朝阳区
朝阳区
朝阳区
朝阳区
丰台区
丰台区
丰台区
丰台区
东城区
东城区
东城区
东城区
丰台区
丰台区
丰台区
丰台区
丰台区
丰台区
丰台区
丰台区
丰台区
丰台区
房山区
房山区
海淀区
海淀区
海淀区
海淀区
海淀区
海淀区
海淀区
海淀区
海淀区
海淀区
朝阳区
朝阳区
朝阳区
通州区
通州区
通州区
通州区
朝阳区
朝阳区
朝阳区
朝阳区
朝阳区
朝阳区
朝阳区
朝阳区
朝阳区
朝阳区
朝阳区
朝阳区
朝阳区
丰台区
丰台区
丰台区
丰台区
丰台区
丰台区
丰台区
丰台区
朝阳区
朝阳区
海淀区
海淀区
海淀区
海淀区
海淀区
海淀区
朝阳区
朝阳区
朝阳区
朝阳区
朝阳区
朝阳区
朝阳区
朝阳区
朝阳区
朝阳区
朝阳区
朝阳区
朝阳区
朝阳区
朝阳区
朝阳区
朝阳区
东城区
东城区
东城区
东城区
朝阳区
朝阳区
朝阳区
朝阳区
朝阳区
朝阳区
朝阳区
石景山区
石景山区
石景山区
丰台区
丰台区
丰台区
丰台区
丰台区
石景山区
石景山区
石景山区
石景山区
石景山区
海淀区
海淀区
海淀区
海淀区
海淀区
朝阳区
朝阳区
朝阳区
朝阳区
朝阳区
东城区
东城区
丰台区
东城区
东城区
丰台区
丰台区
丰台区
朝阳区
朝阳区
朝阳区
朝阳区
丰台区
丰台区
丰台区
丰台区
丰台区
丰台区
朝阳区
朝阳区
朝阳区
朝阳区
朝阳区
朝阳区
丰台区
丰台区
丰台区
丰台区
房山区
房山区
房山区
房山区
丰台区
丰台区
丰台区
丰台区
西城区
西城区
朝阳区
朝阳区
朝阳区
朝阳区
朝阳区
朝阳区
朝阳区
朝阳区
朝阳区
朝阳区
通州区
通州区
通州区
通州区
房山区
昌平区
朝阳区
昌平区
昌平区
朝阳区
朝阳区
朝阳区
朝阳区
朝阳区
朝阳区
朝阳区
朝阳区
朝阳区
朝阳区
朝阳区
朝阳区
朝阳区
通州区
通州区
通州区
通州区
东城区
朝阳区
朝阳区
朝阳区
朝阳区
通州区
通州区
通州区
通州区
朝阳区
朝阳区
朝阳区
朝阳区
朝阳区
朝阳区
朝阳区
朝阳区
朝阳区
朝阳区
西城区
朝阳区
朝阳区
朝阳区
朝阳区
朝阳区
朝阳区
顺义区
顺义区
顺义区
丰台区
丰台区
丰台区
丰台区
丰台区
朝阳区
朝阳区
海淀区
海淀区
海淀区
东城区
东城区
东城区
东城区
朝阳区
朝阳区
朝阳区
朝阳区
朝阳区
昌平区
昌平区
昌平区
昌平区
丰台区
丰台区
丰台区
大兴区
大兴区
大兴区
大兴区
通州区
通州区
通州区
朝阳区
朝阳区
朝阳区
朝阳区
朝阳区
朝阳区
朝阳区
朝阳区
朝阳区
朝阳区
东城区
东城区
东城区
东城区
东城区
东城区
朝阳区
朝阳区
朝阳区
朝阳区
朝阳区
朝阳区
丰台区
丰台区
丰台区
大兴区
大兴区
大兴区
大兴区
大兴区
朝阳区
朝阳区
朝阳区
朝阳区
朝阳区
东城区
丰台区
丰台区
西城区
西城区
西城区
西城区
海淀区
海淀区
海淀区
东城区
东城区
西城区
东城区
东城区
朝阳区
朝阳区
朝阳区
门头沟区
门头沟区
门头沟区
门头沟区
西城区
西城区
西城区
朝阳区
朝阳区
东城区
朝阳区
东城区
海淀区
海淀区
海淀区
海淀区
海淀区
海淀区
海淀区
朝阳区
朝阳区
朝阳区
朝阳区
朝阳区
朝阳区
丰台区
丰台区
朝阳区
朝阳区
朝阳区
朝阳区
朝阳区
朝阳区
朝阳区
朝阳区
朝阳区
朝阳区
朝阳区
朝阳区
朝阳区
朝阳区
昌平区
昌平区
昌平区
昌平区
昌平区
丰台区
丰台区
丰台区
丰台区
海淀区
海淀区
海淀区
海淀区
海淀区
丰台区
丰台区
丰台区
丰台区
朝阳区
朝阳区
朝阳区
朝阳区
朝阳区
海淀区
海淀区
海淀区
东城区
东城区
东城区
东城区
朝阳区
朝阳区
朝阳区
朝阳区
朝阳区
朝阳区
朝阳区
通州区
通州区
通州区
通州区
通州区
东城区
东城区
东城区
丰台区
东城区
西城区
朝阳区
朝阳区
朝阳区
朝阳区
朝阳区
朝阳区
朝阳区
朝阳区
朝阳区
西城区
西城区
西城区
西城区
西城区
西城区
西城区
西城区
西城区
西城区
石景山区
海淀区
海淀区
海淀区
西城区
海淀区
西城区
西城区
西城区
西城区
通州区
通州区
通州区
朝阳区
朝阳区
朝阳区
朝阳区
朝阳区
朝阳区
朝阳区
朝阳区
朝阳区
朝阳区
朝阳区
朝阳区
朝阳区
朝阳区
海淀区
海淀区
海淀区
海淀区
海淀区
朝阳区
朝阳区
朝阳区
朝阳区
朝阳区
朝阳区
朝阳区
朝阳区
朝阳区
朝阳区
朝阳区
朝阳区
朝阳区
朝阳区
朝阳区
朝阳区
朝阳区
朝阳区
朝阳区
朝阳区
朝阳区
朝阳区
朝阳区
朝阳区
朝阳区
朝阳区
朝阳区
丰台区
丰台区
丰台区
丰台区
朝阳区
朝阳区
朝阳区
朝阳区
昌平区
昌平区
朝阳区
朝阳区
朝阳区
朝阳区
朝阳区
朝阳区
朝阳区
朝阳区
朝阳区
朝阳区
朝阳区
朝阳区
朝阳区
朝阳区
朝阳区
朝阳区
丰台区
丰台区
丰台区
丰台区
丰台区
朝阳区
朝阳区
朝阳区
朝阳区
朝阳区
朝阳区
朝阳区
朝阳区
丰台区
丰台区
丰台区
丰台区
朝阳区
朝阳区
朝阳区
朝阳区
大兴区
大兴区
大兴区
大兴区
朝阳区
朝阳区
朝阳区
朝阳区
丰台区
丰台区
丰台区
丰台区
丰台区
东城区
东城区
东城区
朝阳区
朝阳区
朝阳区
朝阳区
朝阳区
朝阳区
朝阳区
朝阳区
通州区
通州区
通州区
通州区
通州区
房山区
房山区
房山区
房山区
房山区
朝阳区
朝阳区
朝阳区
朝阳区
朝阳区
朝阳区
朝阳区
朝阳区
朝阳区
朝阳区
朝阳区
朝阳区
朝阳区
朝阳区
朝阳区
朝阳区
大兴区
大兴区
大兴区
大兴区
朝阳区
朝阳区
朝阳区
朝阳区
朝阳区
朝阳区
朝阳区
朝阳区
朝阳区
朝阳区
朝阳区
朝阳区
朝阳区
朝阳区
朝阳区
朝阳区
朝阳区
朝阳区
朝阳区
朝阳区
朝阳区
朝阳区
朝阳区
朝阳区
朝阳区
海淀区
西城区
西城区
西城区
朝阳区
朝阳区
朝阳区
朝阳区
丰台区
丰台区
丰台区
丰台区
朝阳区
朝阳区
朝阳区
朝阳区
朝阳区
海淀区
朝阳区
朝阳区
朝阳区
朝阳区
朝阳区
朝阳区
朝阳区
朝阳区
朝阳区
朝阳区
顺义区
丰台区
丰台区
丰台区
丰台区
丰台区
石景山区
石景山区
石景山区
石景山区
石景山区
石景山区
石景山区
石景山区
丰台区
东城区
东城区
东城区
朝阳区
东城区
东城区
东城区
朝阳区
东城区
东城区
东城区
朝阳区
东城区
东城区
大兴区
大兴区
大兴区
大兴区
大兴区
朝阳区
朝阳区
朝阳区
朝阳区
朝阳区
朝阳区
朝阳区
朝阳区
朝阳区
朝阳区
朝阳区
朝阳区
朝阳区
朝阳区
朝阳区
朝阳区
朝阳区
朝阳区
朝阳区
朝阳区
东城区
东城区
东城区
东城区
朝阳区
东城区
东城区
东城区
东城区
朝阳区
东城区
东城区
东城区
东城区
朝阳区
东城区
东城区
东城区
东城区
房山区
房山区
房山区
房山区
房山区
丰台区
丰台区
丰台区
丰台区
大兴区
大兴区
大兴区
大兴区
大兴区
朝阳区
朝阳区
朝阳区
朝阳区
朝阳区
朝阳区
大兴区
大兴区
朝阳区
朝阳区
朝阳区
朝阳区
朝阳区
朝阳区
朝阳区
朝阳区
朝阳区
朝阳区
朝阳区
朝阳区
朝阳区
海淀区
海淀区
海淀区
海淀区
海淀区
海淀区
海淀区
海淀区
海淀区
海淀区
海淀区
海淀区
朝阳区
朝阳区
朝阳区
朝阳区
朝阳区
朝阳区
朝阳区
朝阳区
朝阳区
朝阳区
朝阳区
朝阳区
朝阳区
朝阳区
朝阳区
朝阳区
朝阳区
朝阳区
朝阳区
朝阳区
朝阳区
朝阳区
朝阳区
朝阳区
朝阳区
朝阳区
朝阳区
朝阳区
朝阳区
朝阳区
朝阳区
朝阳区
朝阳区
朝阳区
朝阳区
朝阳区
朝阳区
朝阳区
朝阳区
朝阳区
朝阳区
石景山区
石景山区
石景山区
石景山区
朝阳区
朝阳区
朝阳区
朝阳区
朝阳区
朝阳区
朝阳区
通州区
通州区
通州区
丰台区
丰台区
丰台区
丰台区
丰台区
通州区
通州区
通州区
通州区
东城区
东城区
东城区
东城区
东城区
东城区
东城区
东城区
东城区
东城区
朝阳区
朝阳区
朝阳区
朝阳区
朝阳区
朝阳区
朝阳区
朝阳区
朝阳区
朝阳区
朝阳区
朝阳区
朝阳区
朝阳区
朝阳区
朝阳区
朝阳区
朝阳区
朝阳区
朝阳区
朝阳区
朝阳区
朝阳区
朝阳区
朝阳区
朝阳区
海淀区
海淀区
海淀区
海淀区
海淀区
朝阳区
朝阳区
朝阳区
朝阳区
朝阳区
朝阳区
朝阳区
朝阳区
海淀区
海淀区
海淀区
丰台区
丰台区
丰台区
丰台区
丰台区
房山区
房山区
房山区
房山区
房山区
朝阳区
朝阳区
朝阳区
房山区
房山区
房山区
房山区
丰台区
丰台区
丰台区
丰台区
通州区
通州区
通州区
通州区
通州区
朝阳区
朝阳区
朝阳区
朝阳区
丰台区
丰台区
丰台区
丰台区
丰台区
丰台区
丰台区
丰台区
海淀区
朝阳区
朝阳区
朝阳区
朝阳区
朝阳区
通州区
通州区
通州区
海淀区
海淀区
丰台区
丰台区
丰台区
丰台区
昌平区
昌平区
昌平区
昌平区
昌平区
朝阳区
朝阳区
朝阳区
朝阳区
朝阳区
朝阳区
朝阳区
朝阳区
朝阳区
朝阳区
朝阳区
朝阳区
海淀区
海淀区
海淀区
海淀区
海淀区
通州区
通州区
通州区
通州区
通州区
通州区
通州区
通州区
通州区
通州区
丰台区
丰台区
丰台区
丰台区
丰台区
西城区
西城区
西城区
西城区
西城区
朝阳区
朝阳区
朝阳区
朝阳区
朝阳区
朝阳区
朝阳区
朝阳区
海淀区
海淀区
海淀区
海淀区
海淀区
丰台区
丰台区
丰台区
丰台区
朝阳区
朝阳区
朝阳区
朝阳区
朝阳区
朝阳区
朝阳区
朝阳区
朝阳区
朝阳区
朝阳区
朝阳区
朝阳区
朝阳区
西城区
西城区
西城区
西城区
朝阳区
朝阳区
朝阳区
朝阳区
朝阳区
朝阳区
朝阳区
朝阳区
朝阳区
朝阳区
朝阳区
朝阳区
朝阳区
丰台区
丰台区
丰台区
丰台区
丰台区
海淀区
海淀区
朝阳区
朝阳区
朝阳区
朝阳区
朝阳区
朝阳区
朝阳区
朝阳区
朝阳区
朝阳区
朝阳区
朝阳区
朝阳区
朝阳区
朝阳区
朝阳区
朝阳区
朝阳区
朝阳区
朝阳区
朝阳区
朝阳区
朝阳区
朝阳区
朝阳区
朝阳区
朝阳区
朝阳区
朝阳区
朝阳区
朝阳区
朝阳区
朝阳区
朝阳区
朝阳区
朝阳区
朝阳区
朝阳区
朝阳区
朝阳区
朝阳区
朝阳区
海淀区
海淀区
海淀区
海淀区
海淀区
朝阳区
朝阳区
丰台区
丰台区
丰台区
丰台区
丰台区
丰台区
丰台区
丰台区
丰台区
丰台区
丰台区
朝阳区
朝阳区
朝阳区
朝阳区
朝阳区
朝阳区
朝阳区
朝阳区
朝阳区
朝阳区
朝阳区
朝阳区
东城区
东城区
东城区
朝阳区
东城区
朝阳区
朝阳区
朝阳区
东城区
朝阳区
朝阳区
朝阳区
东城区
丰台区
房山区
房山区
丰台区
房山区
丰台区
丰台区
丰台区
丰台区
西城区
西城区
西城区
西城区
海淀区
朝阳区
朝阳区
朝阳区
朝阳区
朝阳区
朝阳区
朝阳区
朝阳区
朝阳区
朝阳区
朝阳区
朝阳区
朝阳区
朝阳区
朝阳区
朝阳区
朝阳区
朝阳区
朝阳区
朝阳区
朝阳区
朝阳区
朝阳区
朝阳区
朝阳区
朝阳区
朝阳区
朝阳区
朝阳区
朝阳区
朝阳区
朝阳区
朝阳区
朝阳区
朝阳区
朝阳区
朝阳区
东城区
东城区
东城区
东城区
朝阳区
朝阳区
朝阳区
朝阳区
朝阳区
朝阳区
海淀区
海淀区
海淀区
东城区
东城区
东城区
朝阳区
朝阳区
朝阳区
朝阳区
朝阳区
朝阳区
朝阳区
朝阳区
朝阳区
朝阳区
朝阳区
朝阳区
朝阳区
朝阳区
朝阳区
朝阳区
朝阳区
朝阳区
朝阳区
朝阳区
朝阳区
朝阳区
朝阳区
朝阳区
朝阳区
朝阳区
朝阳区
朝阳区
朝阳区
朝阳区
海淀区
海淀区
海淀区
海淀区
海淀区
海淀区
海淀区
海淀区
海淀区
朝阳区
朝阳区
朝阳区
海淀区
海淀区
海淀区
海淀区
海淀区
朝阳区
朝阳区
朝阳区
朝阳区
朝阳区
朝阳区
朝阳区
朝阳区
朝阳区
朝阳区
房山区
房山区
房山区
房山区
丰台区
丰台区
丰台区
丰台区
丰台区
丰台区
丰台区
丰台区
丰台区
丰台区
朝阳区
朝阳区
朝阳区
朝阳区
朝阳区
西城区
西城区
西城区
西城区
西城区
朝阳区
朝阳区
朝阳区
朝阳区
朝阳区
朝阳区
朝阳区
朝阳区
朝阳区
朝阳区
朝阳区
朝阳区
朝阳区
朝阳区
丰台区
丰台区
丰台区
朝阳区
朝阳区
朝阳区
朝阳区
东城区
东城区
东城区
东城区
东城区
朝阳区
朝阳区
朝阳区
朝阳区
朝阳区
朝阳区
朝阳区
朝阳区
朝阳区
朝阳区
朝阳区
朝阳区
朝阳区
朝阳区
朝阳区
朝阳区
朝阳区
朝阳区
朝阳区
朝阳区
朝阳区
西城区
朝阳区
丰台区
丰台区
丰台区
丰台区
丰台区
大兴区
朝阳区
朝阳区
朝阳区
朝阳区
丰台区
丰台区
丰台区
丰台区
丰台区
朝阳区
朝阳区
朝阳区
丰台区
丰台区
丰台区
通州区
通州区
通州区
通州区
朝阳区
朝阳区
朝阳区
朝阳区
朝阳区
大兴区
大兴区
大兴区
朝阳区
朝阳区
朝阳区
朝阳区
朝阳区
朝阳区
朝阳区
朝阳区
朝阳区
朝阳区
朝阳区
朝阳区
朝阳区
朝阳区
大兴区
海淀区
大兴区
海淀区
丰台区
丰台区
丰台区
丰台区
丰台区
丰台区
丰台区
丰台区
丰台区
丰台区
丰台区
丰台区
丰台区
朝阳区
朝阳区
朝阳区
朝阳区
西城区
东城区
东城区
东城区
朝阳区
朝阳区
朝阳区
朝阳区
朝阳区
朝阳区
朝阳区
朝阳区
朝阳区
朝阳区
朝阳区
朝阳区
朝阳区
朝阳区
朝阳区
朝阳区
朝阳区
朝阳区
朝阳区
朝阳区
朝阳区
朝阳区
朝阳区
朝阳区
丰台区
丰台区
丰台区
丰台区
丰台区
朝阳区
朝阳区
朝阳区
朝阳区
朝阳区
朝阳区
朝阳区
朝阳区
朝阳区
东城区
东城区
东城区
东城区
东城区
朝阳区
朝阳区
朝阳区
朝阳区
朝阳区
朝阳区
朝阳区
朝阳区
东城区
东城区
东城区
丰台区
丰台区
丰台区
丰台区
丰台区
朝阳区
朝阳区
朝阳区
朝阳区
朝阳区
朝阳区
丰台区
丰台区
丰台区
丰台区
朝阳区
朝阳区
朝阳区
朝阳区
西城区
西城区
西城区
西城区
西城区
西城区
朝阳区
朝阳区
朝阳区
朝阳区
朝阳区
朝阳区
朝阳区
朝阳区
东城区
东城区
东城区
东城区
东城区
西城区
西城区
西城区
丰台区
丰台区
丰台区
丰台区
海淀区
海淀区
海淀区
海淀区
海淀区
海淀区
海淀区
海淀区
海淀区
海淀区
朝阳区
朝阳区
朝阳区
朝阳区
朝阳区
朝阳区
朝阳区
朝阳区
朝阳区
朝阳区
朝阳区
朝阳区
朝阳区
朝阳区
朝阳区
朝阳区
朝阳区
朝阳区
朝阳区
朝阳区
朝阳区
朝阳区
朝阳区
朝阳区
朝阳区
朝阳区
朝阳区
朝阳区
朝阳区
朝阳区
朝阳区
朝阳区
朝阳区
朝阳区
朝阳区
朝阳区
朝阳区
丰台区
朝阳区
丰台区
朝阳区
朝阳区
朝阳区
朝阳区
朝阳区
朝阳区
朝阳区
朝阳区
朝阳区
朝阳区
朝阳区
朝阳区
朝阳区
朝阳区
朝阳区
朝阳区
朝阳区
朝阳区
朝阳区
朝阳区
朝阳区
海淀区
海淀区
海淀区
海淀区
海淀区
海淀区
海淀区
海淀区
海淀区
海淀区
朝阳区
昌平区
朝阳区
朝阳区
朝阳区
朝阳区
朝阳区
朝阳区
朝阳区
朝阳区
朝阳区
朝阳区
朝阳区
朝阳区
朝阳区
朝阳区
朝阳区
朝阳区
朝阳区
朝阳区
朝阳区
朝阳区
朝阳区
朝阳区
朝阳区
朝阳区
朝阳区
朝阳区
朝阳区
朝阳区
朝阳区
朝阳区
丰台区
丰台区
丰台区
大兴区
大兴区
大兴区
大兴区
大兴区
丰台区
丰台区
丰台区
朝阳区
丰台区
丰台区
丰台区
丰台区
朝阳区
朝阳区
朝阳区
朝阳区
朝阳区
朝阳区
朝阳区
朝阳区
朝阳区
朝阳区
朝阳区
朝阳区
朝阳区
朝阳区
东城区
朝阳区
朝阳区
朝阳区
朝阳区
朝阳区
朝阳区
朝阳区
朝阳区
朝阳区
海淀区
海淀区
海淀区
海淀区
丰台区
丰台区
丰台区
海淀区
丰台区
海淀区
丰台区
朝阳区
海淀区
海淀区
海淀区
朝阳区
朝阳区
朝阳区
朝阳区
朝阳区
朝阳区
朝阳区
丰台区
丰台区
丰台区
丰台区
丰台区
海淀区
海淀区
海淀区
海淀区
海淀区
大兴区
大兴区
大兴区
朝阳区
朝阳区
朝阳区
朝阳区
朝阳区
朝阳区
朝阳区
朝阳区
朝阳区
朝阳区
朝阳区
朝阳区
朝阳区
朝阳区
朝阳区
朝阳区
朝阳区
朝阳区
朝阳区
朝阳区
朝阳区
朝阳区
朝阳区
朝阳区
朝阳区
朝阳区
朝阳区
朝阳区
朝阳区
朝阳区
朝阳区
朝阳区
朝阳区
朝阳区
丰台区
丰台区
海淀区
海淀区
海淀区
朝阳区
朝阳区
朝阳区
朝阳区
朝阳区
朝阳区
朝阳区
朝阳区
东城区
东城区
东城区
东城区
朝阳区
朝阳区
朝阳区
朝阳区
朝阳区
昌平区
昌平区
昌平区
朝阳区
朝阳区
朝阳区
朝阳区
朝阳区
海淀区
朝阳区
海淀区
朝阳区
东城区
东城区
东城区
朝阳区
朝阳区
朝阳区
朝阳区
朝阳区
朝阳区
朝阳区
朝阳区
朝阳区
丰台区
丰台区
丰台区
朝阳区
朝阳区
朝阳区
朝阳区
朝阳区
房山区
房山区
房山区
朝阳区
朝阳区
朝阳区
朝阳区
朝阳区
朝阳区
朝阳区
朝阳区
朝阳区
海淀区
海淀区
海淀区
海淀区
东城区
东城区
东城区
东城区
东城区
通州区
大兴区
大兴区
大兴区
朝阳区
朝阳区
朝阳区
朝阳区
朝阳区
朝阳区
东城区
朝阳区
朝阳区
朝阳区
朝阳区
朝阳区
朝阳区
朝阳区
丰台区
丰台区
丰台区
朝阳区
朝阳区
朝阳区
朝阳区
朝阳区
朝阳区
朝阳区
朝阳区
朝阳区
朝阳区
朝阳区
朝阳区
朝阳区
朝阳区
朝阳区
朝阳区
朝阳区
朝阳区
朝阳区
朝阳区
朝阳区
朝阳区
朝阳区
朝阳区
朝阳区
朝阳区
朝阳区
朝阳区
朝阳区
朝阳区
朝阳区
朝阳区
朝阳区
朝阳区
朝阳区
朝阳区
朝阳区
朝阳区
朝阳区
朝阳区
西城区
西城区
西城区
西城区
西城区
西城区
西城区
西城区
西城区
西城区
西城区
西城区
西城区
西城区
西城区
西城区
西城区
西城区
西城区
西城区
海淀区
海淀区
海淀区
海淀区
朝阳区
朝阳区
朝阳区
朝阳区
朝阳区
朝阳区
朝阳区
朝阳区
朝阳区
朝阳区
朝阳区
朝阳区
朝阳区
朝阳区
朝阳区
朝阳区
朝阳区
朝阳区
朝阳区
朝阳区
朝阳区
朝阳区
朝阳区
朝阳区
海淀区
海淀区
海淀区
海淀区
朝阳区
朝阳区
朝阳区
朝阳区
西城区
西城区
西城区
西城区
西城区
朝阳区
朝阳区
朝阳区
海淀区
海淀区
海淀区
海淀区
海淀区
朝阳区
朝阳区
朝阳区
朝阳区
朝阳区
房山区
房山区
房山区
房山区
房山区
朝阳区
朝阳区
朝阳区
朝阳区
大兴区
大兴区
朝阳区
朝阳区
朝阳区
朝阳区
朝阳区
大兴区
大兴区
大兴区
大兴区
大兴区
朝阳区
朝阳区
朝阳区
朝阳区
朝阳区
海淀区
朝阳区
丰台区
丰台区
丰台区
朝阳区
朝阳区
朝阳区
朝阳区
朝阳区
朝阳区
朝阳区
朝阳区
朝阳区
朝阳区
朝阳区
朝阳区
朝阳区
朝阳区
朝阳区
朝阳区
朝阳区
朝阳区
朝阳区
朝阳区
朝阳区
朝阳区
朝阳区
朝阳区
朝阳区
朝阳区
朝阳区
朝阳区
朝阳区
朝阳区
朝阳区
朝阳区
朝阳区
朝阳区
朝阳区
朝阳区
朝阳区
朝阳区
朝阳区
朝阳区
朝阳区
朝阳区
朝阳区
朝阳区
朝阳区
朝阳区
朝阳区
东城区
东城区
东城区
东城区
海淀区
海淀区
海淀区
海淀区
海淀区
朝阳区
朝阳区
朝阳区
朝阳区
朝阳区
丰台区
丰台区
朝阳区
丰台区
朝阳区
朝阳区
朝阳区
朝阳区
朝阳区
朝阳区
朝阳区
朝阳区
朝阳区
朝阳区
朝阳区
朝阳区
朝阳区
房山区
房山区
房山区
房山区
房山区
朝阳区
朝阳区
朝阳区
朝阳区
朝阳区
朝阳区
朝阳区
朝阳区
朝阳区
朝阳区
朝阳区
朝阳区
朝阳区
朝阳区
朝阳区
朝阳区
朝阳区
朝阳区
朝阳区
朝阳区
朝阳区
朝阳区
朝阳区
朝阳区
朝阳区
丰台区
丰台区
丰台区
丰台区
丰台区
海淀区
西城区
西城区
西城区
昌平区
昌平区
朝阳区
朝阳区
朝阳区
朝阳区
朝阳区
朝阳区
朝阳区
朝阳区
朝阳区
朝阳区
朝阳区
朝阳区
朝阳区
朝阳区
东城区
东城区
东城区
东城区
朝阳区
朝阳区
朝阳区
朝阳区
朝阳区
朝阳区
丰台区
西城区
西城区
朝阳区
朝阳区
朝阳区
丰台区
丰台区
丰台区
丰台区
丰台区
丰台区
丰台区
丰台区
丰台区
丰台区
朝阳区
朝阳区
朝阳区
朝阳区
朝阳区
朝阳区
朝阳区
朝阳区
朝阳区
朝阳区
朝阳区
朝阳区
朝阳区
朝阳区
朝阳区
海淀区
海淀区
海淀区
海淀区
海淀区
朝阳区
朝阳区
朝阳区
朝阳区
朝阳区
朝阳区
朝阳区
朝阳区
朝阳区
朝阳区
朝阳区
朝阳区
朝阳区
东城区
东城区
东城区
朝阳区
东城区
朝阳区
朝阳区
朝阳区
朝阳区
朝阳区
西城区
西城区
西城区
朝阳区
朝阳区
朝阳区
朝阳区
朝阳区
通州区
通州区
通州区
通州区
通州区
东城区
东城区
东城区
东城区
朝阳区
朝阳区
朝阳区
朝阳区
朝阳区
朝阳区
朝阳区
朝阳区
朝阳区
朝阳区
朝阳区
朝阳区
丰台区
朝阳区
朝阳区
丰台区
丰台区
朝阳区
朝阳区
朝阳区
东城区
东城区
东城区
东城区
东城区
东城区
朝阳区
朝阳区
朝阳区
朝阳区
朝阳区
朝阳区
朝阳区
朝阳区
朝阳区
朝阳区
朝阳区
通州区
通州区
通州区
通州区
通州区
通州区
通州区
通州区
通州区
通州区
朝阳区
朝阳区
东城区
东城区
朝阳区
朝阳区
东城区
东城区
朝阳区
朝阳区
朝阳区
朝阳区
朝阳区
朝阳区
朝阳区
朝阳区
通州区
通州区
海淀区
海淀区
海淀区
海淀区
房山区
房山区
房山区
房山区
朝阳区
朝阳区
朝阳区
朝阳区
朝阳区
朝阳区
朝阳区
朝阳区
朝阳区
朝阳区
朝阳区
朝阳区
朝阳区
朝阳区
朝阳区
朝阳区
朝阳区
朝阳区
朝阳区
朝阳区
朝阳区
朝阳区
朝阳区
朝阳区
朝阳区
朝阳区
朝阳区
朝阳区
丰台区
朝阳区
朝阳区
朝阳区
朝阳区
朝阳区
海淀区
海淀区
海淀区
海淀区
海淀区
房山区
房山区
房山区
房山区
房山区
朝阳区
朝阳区
朝阳区
朝阳区
朝阳区
朝阳区
大兴区
大兴区
丰台区
丰台区
丰台区
丰台区
丰台区
丰台区
丰台区
丰台区
丰台区
大兴区
大兴区
丰台区
丰台区
丰台区
海淀区
海淀区
海淀区
海淀区
丰台区
丰台区
丰台区
丰台区
丰台区
丰台区
丰台区
丰台区
朝阳区
朝阳区
朝阳区
朝阳区
朝阳区
东城区
东城区
东城区
东城区
朝阳区
朝阳区
朝阳区
朝阳区
朝阳区
丰台区
丰台区
丰台区
丰台区
丰台区
朝阳区
朝阳区
朝阳区
朝阳区
朝阳区
朝阳区
朝阳区
朝阳区
朝阳区
朝阳区
朝阳区
朝阳区
朝阳区
朝阳区
朝阳区
朝阳区
朝阳区
朝阳区
朝阳区
朝阳区
朝阳区
朝阳区
海淀区
海淀区
海淀区
海淀区
朝阳区
朝阳区
朝阳区
海淀区
昌平区
海淀区
海淀区
朝阳区
朝阳区
朝阳区
丰台区
丰台区
朝阳区
朝阳区
朝阳区
朝阳区
朝阳区
丰台区
丰台区
丰台区
丰台区
丰台区
昌平区
朝阳区
昌平区
朝阳区
大兴区
大兴区
大兴区
海淀区
朝阳区
朝阳区
朝阳区
朝阳区
海淀区
海淀区
海淀区
海淀区
丰台区
丰台区
丰台区
丰台区
朝阳区
朝阳区
朝阳区
朝阳区
朝阳区
朝阳区
朝阳区
朝阳区
朝阳区
朝阳区
朝阳区
丰台区
丰台区
丰台区
朝阳区
朝阳区
朝阳区
朝阳区
朝阳区
西城区
西城区
西城区
朝阳区
朝阳区
朝阳区
朝阳区
朝阳区
朝阳区
朝阳区
朝阳区
朝阳区
朝阳区
朝阳区
朝阳区
朝阳区
西城区
西城区
西城区
西城区
西城区
朝阳区
东城区
朝阳区
东城区
朝阳区
朝阳区
朝阳区
朝阳区
大兴区
大兴区
大兴区
大兴区
大兴区
海淀区
丰台区
丰台区
丰台区
朝阳区
朝阳区
朝阳区
朝阳区
朝阳区
朝阳区
朝阳区
朝阳区
朝阳区
朝阳区
朝阳区
朝阳区
朝阳区
朝阳区
朝阳区
丰台区
丰台区
丰台区
朝阳区
朝阳区
朝阳区
朝阳区
朝阳区
朝阳区
朝阳区
昌平区
朝阳区
朝阳区
朝阳区
海淀区
海淀区
朝阳区
朝阳区
海淀区
朝阳区
朝阳区
海淀区
朝阳区
朝阳区
朝阳区
朝阳区
海淀区
海淀区
海淀区
海淀区
朝阳区
朝阳区
朝阳区
朝阳区
朝阳区
朝阳区
朝阳区
朝阳区
朝阳区
朝阳区
朝阳区
朝阳区
东城区
东城区
朝阳区
东城区
朝阳区
朝阳区
朝阳区
西城区
西城区
西城区
西城区
西城区
西城区
西城区
西城区
西城区
西城区
朝阳区
朝阳区
朝阳区
朝阳区
西城区
西城区
西城区
西城区
海淀区
海淀区
海淀区
海淀区
海淀区
朝阳区
朝阳区
朝阳区
朝阳区
朝阳区
海淀区
海淀区
海淀区
海淀区
海淀区
朝阳区
朝阳区
朝阳区
朝阳区
朝阳区
朝阳区
朝阳区
朝阳区
朝阳区
朝阳区
朝阳区
朝阳区
朝阳区
朝阳区
朝阳区
朝阳区
朝阳区
朝阳区
朝阳区
朝阳区
朝阳区
朝阳区
朝阳区
朝阳区
朝阳区
朝阳区
朝阳区
朝阳区
朝阳区
朝阳区
朝阳区
朝阳区
朝阳区
朝阳区
朝阳区
朝阳区
丰台区
朝阳区
朝阳区
朝阳区
朝阳区
朝阳区
朝阳区
朝阳区
朝阳区
丰台区
丰台区
丰台区
丰台区
丰台区
西城区
西城区
西城区
西城区
西城区
朝阳区
朝阳区
朝阳区
朝阳区
朝阳区
朝阳区
朝阳区
朝阳区
朝阳区
朝阳区
朝阳区
朝阳区
朝阳区
朝阳区
朝阳区
朝阳区
朝阳区
朝阳区
朝阳区
西城区
西城区
西城区
西城区
朝阳区
朝阳区
朝阳区
海淀区
朝阳区
朝阳区
朝阳区
朝阳区
朝阳区
丰台区
丰台区
丰台区
丰台区
丰台区
朝阳区
朝阳区
朝阳区
朝阳区
朝阳区
东城区
东城区
东城区
东城区
朝阳区
朝阳区
朝阳区
朝阳区
朝阳区
朝阳区
朝阳区
朝阳区
朝阳区
东城区
东城区
东城区
东城区
东城区
东城区
东城区
东城区
东城区
朝阳区
朝阳区
朝阳区
朝阳区
朝阳区
朝阳区
朝阳区
朝阳区
东城区
东城区
东城区
丰台区
丰台区
海淀区
海淀区
海淀区
海淀区
海淀区
海淀区
海淀区
东城区
东城区
东城区
朝阳区
朝阳区
朝阳区
朝阳区
东城区
东城区
东城区
东城区
东城区
东城区
朝阳区
朝阳区
朝阳区
海淀区
海淀区
海淀区
海淀区
海淀区
朝阳区
朝阳区
朝阳区
朝阳区
朝阳区
朝阳区
朝阳区
朝阳区
朝阳区
朝阳区
朝阳区
朝阳区
东城区
东城区
东城区
东城区
东城区
朝阳区
朝阳区
朝阳区
朝阳区
通州区
通州区
通州区
通州区
朝阳区
朝阳区
朝阳区
朝阳区
朝阳区
朝阳区
朝阳区
东城区
朝阳区
东城区
朝阳区
朝阳区
朝阳区
朝阳区
朝阳区
朝阳区
朝阳区
朝阳区
朝阳区
朝阳区
朝阳区
朝阳区
朝阳区
朝阳区
朝阳区
海淀区
海淀区
海淀区
海淀区
海淀区
西城区
西城区
西城区
西城区
朝阳区
朝阳区
朝阳区
朝阳区
朝阳区
朝阳区
朝阳区
朝阳区
朝阳区
朝阳区
朝阳区
朝阳区
朝阳区
朝阳区
朝阳区
朝阳区
朝阳区
朝阳区
朝阳区
朝阳区
朝阳区
朝阳区
朝阳区
朝阳区
朝阳区
朝阳区
朝阳区
朝阳区
朝阳区
朝阳区
朝阳区
海淀区
海淀区
海淀区
海淀区
海淀区
朝阳区
丰台区
丰台区
丰台区
丰台区
朝阳区
丰台区
丰台区
丰台区
朝阳区
朝阳区
朝阳区
朝阳区
海淀区
朝阳区
朝阳区
朝阳区
朝阳区
朝阳区
朝阳区
通州区
通州区
通州区
通州区
通州区
通州区
朝阳区
朝阳区
朝阳区
朝阳区
朝阳区
丰台区
朝阳区
东城区
朝阳区
丰台区
朝阳区
东城区
朝阳区
丰台区
朝阳区
东城区
朝阳区
丰台区
朝阳区
东城区
朝阳区
朝阳区
朝阳区
朝阳区
东城区
东城区
东城区
东城区
东城区
东城区
东城区
东城区
朝阳区
东城区
东城区
东城区
朝阳区
东城区
东城区
东城区
朝阳区
朝阳区
朝阳区
朝阳区
朝阳区
朝阳区
朝阳区
朝阳区
朝阳区
东城区
东城区
东城区
朝阳区
朝阳区
朝阳区
朝阳区
朝阳区
朝阳区
朝阳区
朝阳区
朝阳区
朝阳区
朝阳区
朝阳区
朝阳区
朝阳区
朝阳区
东城区
东城区
东城区
丰台区
海淀区
海淀区
海淀区
海淀区
朝阳区
朝阳区
朝阳区
海淀区
海淀区
海淀区
海淀区
海淀区
海淀区
海淀区
海淀区
海淀区
海淀区
朝阳区
朝阳区
朝阳区
朝阳区
朝阳区
朝阳区
朝阳区
朝阳区
朝阳区
朝阳区
朝阳区
朝阳区
朝阳区
朝阳区
朝阳区
朝阳区
朝阳区
朝阳区
东城区
东城区
东城区
东城区
大兴区
大兴区
大兴区
大兴区
大兴区
通州区
通州区
通州区
朝阳区
丰台区
朝阳区
丰台区
朝阳区
东城区
东城区
朝阳区
朝阳区
东城区
东城区
东城区
朝阳区
朝阳区
东城区
朝阳区
朝阳区
朝阳区
朝阳区
朝阳区
朝阳区
朝阳区
西城区
西城区
西城区
西城区
大兴区
大兴区
大兴区
大兴区
大兴区
海淀区
海淀区
海淀区
海淀区
海淀区
海淀区
海淀区
海淀区
海淀区
丰台区
丰台区
丰台区
丰台区
丰台区
丰台区
丰台区
丰台区
丰台区
朝阳区
朝阳区
朝阳区
朝阳区
朝阳区
朝阳区
朝阳区
朝阳区
朝阳区
朝阳区
朝阳区
朝阳区
朝阳区
朝阳区
朝阳区
朝阳区
西城区
西城区
西城区
西城区
西城区
朝阳区
朝阳区
朝阳区
朝阳区
朝阳区
朝阳区
海淀区
海淀区
海淀区
海淀区
海淀区
朝阳区
朝阳区
朝阳区
朝阳区
朝阳区
朝阳区
东城区
东城区
东城区
门头沟区
东城区
朝阳区
朝阳区
朝阳区
朝阳区
朝阳区
朝阳区
朝阳区
海淀区
海淀区
朝阳区
朝阳区
朝阳区
朝阳区
朝阳区
朝阳区
朝阳区
朝阳区
海淀区
朝阳区
朝阳区
海淀区
石景山区
石景山区
朝阳区
朝阳区
朝阳区
朝阳区
海淀区
海淀区
海淀区
海淀区
海淀区
海淀区
海淀区
海淀区
海淀区
海淀区
东城区
东城区
东城区
东城区
东城区
东城区
东城区
东城区
东城区
东城区
海淀区
海淀区
海淀区
海淀区
海淀区
海淀区
海淀区
海淀区
海淀区
海淀区
海淀区
海淀区
海淀区
朝阳区
朝阳区
朝阳区
朝阳区
海淀区
海淀区
海淀区
海淀区
朝阳区
海淀区
海淀区
海淀区
海淀区
朝阳区
朝阳区
朝阳区
朝阳区
朝阳区
朝阳区
朝阳区
朝阳区
朝阳区
朝阳区
朝阳区
朝阳区
通州区
通州区
通州区
通州区
朝阳区
朝阳区
朝阳区
朝阳区
东城区
东城区
东城区
东城区
朝阳区
朝阳区
朝阳区
朝阳区
朝阳区
通州区
通州区
通州区
通州区
通州区
丰台区
丰台区
丰台区
丰台区
丰台区
东城区
东城区
东城区
东城区
东城区
东城区
东城区
东城区
东城区
西城区
朝阳区
朝阳区
朝阳区
朝阳区
东城区
东城区
东城区
东城区
朝阳区
朝阳区
朝阳区
朝阳区
朝阳区
朝阳区
朝阳区
朝阳区
朝阳区
朝阳区
东城区
东城区
东城区
东城区
东城区
东城区
东城区
东城区
东城区
东城区
东城区
东城区
东城区
朝阳区
朝阳区
朝阳区
朝阳区
朝阳区
朝阳区
朝阳区
朝阳区
朝阳区
朝阳区
朝阳区
朝阳区
朝阳区
朝阳区
朝阳区
朝阳区
朝阳区
丰台区
丰台区
丰台区
朝阳区
朝阳区
朝阳区
朝阳区
东城区
东城区
东城区
东城区
东城区
朝阳区
朝阳区
朝阳区
朝阳区
朝阳区
朝阳区
东城区
东城区
东城区
东城区
东城区
东城区
东城区
东城区
朝阳区
朝阳区
朝阳区
朝阳区
朝阳区
朝阳区
朝阳区
朝阳区
朝阳区
朝阳区
朝阳区
朝阳区
朝阳区
朝阳区
朝阳区
朝阳区
朝阳区
朝阳区
朝阳区
朝阳区
朝阳区
东城区
东城区
东城区
东城区
东城区
朝阳区
朝阳区
朝阳区
朝阳区
朝阳区
朝阳区
朝阳区
朝阳区
朝阳区
朝阳区
朝阳区
东城区
东城区
东城区
东城区
朝阳区
东城区
朝阳区
东城区
东城区
东城区
东城区
东城区
东城区
朝阳区
朝阳区
朝阳区
朝阳区
朝阳区
朝阳区
朝阳区
朝阳区
朝阳区
朝阳区
朝阳区
朝阳区
朝阳区
朝阳区
朝阳区
朝阳区
朝阳区
朝阳区
朝阳区
通州区
通州区
朝阳区
朝阳区
朝阳区
朝阳区
朝阳区
朝阳区
朝阳区
朝阳区
丰台区
丰台区
丰台区
丰台区
丰台区
通州区
通州区
通州区
朝阳区
朝阳区
朝阳区
朝阳区
朝阳区
朝阳区
朝阳区
朝阳区
丰台区
丰台区
朝阳区
朝阳区
朝阳区
朝阳区
朝阳区
朝阳区
朝阳区
朝阳区
朝阳区
朝阳区
丰台区
丰台区
丰台区
朝阳区
朝阳区
朝阳区
东城区
东城区
东城区
东城区
朝阳区
朝阳区
朝阳区
朝阳区
朝阳区
朝阳区
朝阳区
朝阳区
朝阳区
朝阳区
朝阳区
朝阳区
朝阳区
朝阳区
朝阳区
东城区
朝阳区
东城区
东城区
东城区
东城区
东城区
东城区
东城区
东城区
丰台区
丰台区
丰台区
丰台区
通州区
朝阳区
通州区
通州区
朝阳区
通州区
朝阳区
朝阳区
朝阳区
朝阳区
朝阳区
朝阳区
东城区
东城区
朝阳区
朝阳区
朝阳区
朝阳区
朝阳区
朝阳区
朝阳区
朝阳区
朝阳区
朝阳区
朝阳区
朝阳区
朝阳区
朝阳区
朝阳区
大兴区
大兴区
大兴区
大兴区
大兴区
朝阳区
朝阳区
朝阳区
朝阳区
朝阳区
朝阳区
朝阳区
朝阳区
朝阳区
朝阳区
朝阳区
朝阳区
朝阳区
朝阳区
东城区
东城区
东城区
东城区
东城区
大兴区
大兴区
大兴区
大兴区
大兴区
海淀区
海淀区
海淀区
海淀区
海淀区
朝阳区
朝阳区
朝阳区
朝阳区
朝阳区
朝阳区
朝阳区
朝阳区
朝阳区
朝阳区
朝阳区
朝阳区
朝阳区
朝阳区
朝阳区
朝阳区
朝阳区
朝阳区
朝阳区
朝阳区
朝阳区
朝阳区
丰台区
丰台区
丰台区
朝阳区
朝阳区
朝阳区
朝阳区
朝阳区
海淀区
海淀区
海淀区
海淀区
朝阳区
朝阳区
西城区
朝阳区
朝阳区
朝阳区
朝阳区
朝阳区
朝阳区
朝阳区
朝阳区
朝阳区
朝阳区
朝阳区
朝阳区
朝阳区
朝阳区
朝阳区
朝阳区
朝阳区
朝阳区
朝阳区
丰台区
丰台区
丰台区
丰台区
丰台区
海淀区
海淀区
海淀区
丰台区
丰台区
丰台区
丰台区
丰台区
丰台区
丰台区
丰台区
通州区
通州区
通州区
通州区
通州区
通州区
通州区
通州区
通州区
通州区
通州区
通州区
通州区
通州区
海淀区
海淀区
海淀区
朝阳区
丰台区
丰台区
丰台区
丰台区
丰台区
丰台区
朝阳区
朝阳区
朝阳区
朝阳区
朝阳区
西城区
西城区
西城区
西城区
西城区
东城区
东城区
东城区
朝阳区
朝阳区
朝阳区
朝阳区
朝阳区
大兴区
大兴区
大兴区
大兴区
大兴区
大兴区
大兴区
大兴区
朝阳区
朝阳区
朝阳区
大兴区
大兴区
丰台区
丰台区
丰台区
丰台区
丰台区
丰台区
丰台区
丰台区
丰台区
丰台区
房山区
房山区
房山区
房山区
房山区
海淀区
海淀区
海淀区
海淀区
海淀区
海淀区
海淀区
海淀区
海淀区
海淀区
朝阳区
朝阳区
朝阳区
丰台区
丰台区
丰台区
丰台区
丰台区
丰台区
朝阳区
朝阳区
石景山区
石景山区
石景山区
石景山区
朝阳区
朝阳区
朝阳区
朝阳区
朝阳区
海淀区
海淀区
海淀区
海淀区
海淀区
海淀区
海淀区
海淀区
海淀区
海淀区
海淀区
海淀区
海淀区
海淀区
朝阳区
朝阳区
朝阳区
朝阳区
朝阳区
大兴区
大兴区
大兴区
大兴区
大兴区
大兴区
大兴区
大兴区
大兴区
大兴区
大兴区
大兴区
大兴区
大兴区
大兴区
丰台区
丰台区
丰台区
丰台区
丰台区
石景山区
石景山区
石景山区
东城区
东城区
东城区
东城区
海淀区
海淀区
海淀区
海淀区
东城区
东城区
东城区
东城区
丰台区
丰台区
丰台区
丰台区
丰台区
朝阳区
朝阳区
朝阳区
海淀区
朝阳区
朝阳区
朝阳区
大兴区
大兴区
大兴区
大兴区
昌平区
昌平区
昌平区
西城区
西城区
西城区
西城区
西城区
西城区
西城区
西城区
西城区
西城区
大兴区
大兴区
大兴区
大兴区
朝阳区
朝阳区
朝阳区
朝阳区
朝阳区
海淀区
海淀区
海淀区
海淀区
海淀区
海淀区
海淀区
海淀区
海淀区
丰台区
丰台区
丰台区
丰台区
丰台区
朝阳区
朝阳区
朝阳区
朝阳区
朝阳区
朝阳区
朝阳区
朝阳区
朝阳区
朝阳区
朝阳区
朝阳区
朝阳区
朝阳区
朝阳区
朝阳区
朝阳区
怀柔区
海淀区
海淀区
海淀区
海淀区
海淀区
东城区
东城区
东城区
东城区
海淀区
海淀区
海淀区
海淀区
海淀区
海淀区
海淀区
海淀区
海淀区
海淀区
大兴区
丰台区
丰台区
丰台区
丰台区
海淀区
海淀区
海淀区
海淀区
海淀区
朝阳区
朝阳区
朝阳区
朝阳区
朝阳区
朝阳区
海淀区
海淀区
海淀区
朝阳区
丰台区
丰台区
丰台区
丰台区
朝阳区
朝阳区
朝阳区
朝阳区
朝阳区
海淀区
海淀区
海淀区
海淀区
丰台区
丰台区
丰台区
丰台区
丰台区
门头沟区
门头沟区
门头沟区
门头沟区
门头沟区
朝阳区
朝阳区
朝阳区
丰台区
丰台区
丰台区
丰台区
石景山区
海淀区
海淀区
海淀区
海淀区
朝阳区
朝阳区
朝阳区
昌平区
昌平区
昌平区
朝阳区
朝阳区
朝阳区
朝阳区
朝阳区
朝阳区
朝阳区
朝阳区
朝阳区
朝阳区
朝阳区
朝阳区
朝阳区
海淀区
海淀区
海淀区
海淀区
朝阳区
朝阳区
朝阳区
朝阳区
朝阳区
朝阳区
朝阳区
朝阳区
朝阳区
朝阳区
朝阳区
朝阳区
朝阳区
朝阳区
朝阳区
丰台区
丰台区
丰台区
丰台区
朝阳区
朝阳区
朝阳区
朝阳区
朝阳区
朝阳区
朝阳区
朝阳区
朝阳区
朝阳区
朝阳区
朝阳区
朝阳区
朝阳区
朝阳区
朝阳区
朝阳区
朝阳区
海淀区
海淀区
海淀区
海淀区
房山区
房山区
房山区
东城区
东城区
东城区
东城区
朝阳区
朝阳区
朝阳区
朝阳区
房山区
房山区
房山区
房山区
房山区
朝阳区
朝阳区
朝阳区
大兴区
大兴区
大兴区
大兴区
丰台区
丰台区
丰台区
丰台区
丰台区
丰台区
丰台区
大兴区
大兴区
朝阳区
朝阳区
朝阳区
朝阳区
朝阳区
朝阳区
朝阳区
朝阳区
朝阳区
朝阳区
朝阳区
朝阳区
朝阳区
朝阳区
朝阳区
朝阳区
朝阳区
朝阳区
朝阳区
朝阳区
朝阳区
朝阳区
朝阳区
朝阳区
朝阳区
朝阳区
朝阳区
朝阳区
朝阳区
丰台区
丰台区
丰台区
丰台区
丰台区
朝阳区
朝阳区
朝阳区
朝阳区
丰台区
丰台区
丰台区
丰台区
丰台区
丰台区
丰台区
丰台区
丰台区
丰台区
丰台区
丰台区
丰台区
丰台区
昌平区
朝阳区
朝阳区
朝阳区
朝阳区
丰台区
丰台区
丰台区
丰台区
丰台区
丰台区
丰台区
朝阳区
朝阳区
朝阳区
朝阳区
朝阳区
朝阳区
朝阳区
朝阳区
朝阳区
朝阳区
朝阳区
朝阳区
朝阳区
朝阳区
房山区
房山区
房山区
房山区
房山区
房山区
房山区
房山区
房山区
房山区
朝阳区
朝阳区
朝阳区
朝阳区
朝阳区
朝阳区
朝阳区
朝阳区
朝阳区
朝阳区
朝阳区
朝阳区
丰台区
丰台区
丰台区
丰台区
朝阳区
朝阳区
朝阳区
朝阳区
朝阳区
朝阳区
朝阳区
朝阳区
朝阳区
朝阳区
朝阳区
朝阳区
朝阳区
朝阳区
朝阳区
朝阳区
朝阳区
朝阳区
朝阳区
朝阳区
东城区
丰台区
丰台区
大兴区
大兴区
大兴区
大兴区
大兴区
大兴区
大兴区
大兴区
大兴区
大兴区
海淀区
海淀区
海淀区
朝阳区
海淀区
海淀区
海淀区
海淀区
朝阳区
朝阳区
朝阳区
朝阳区
朝阳区
朝阳区
朝阳区
朝阳区
朝阳区
朝阳区
朝阳区
朝阳区
朝阳区
朝阳区
朝阳区
朝阳区
石景山区
石景山区
石景山区
石景山区
朝阳区
朝阳区
朝阳区
朝阳区
朝阳区
朝阳区
朝阳区
朝阳区
朝阳区
朝阳区
朝阳区
朝阳区
朝阳区
朝阳区
朝阳区
朝阳区
朝阳区
朝阳区
朝阳区
朝阳区
朝阳区
海淀区
朝阳区
朝阳区
朝阳区
朝阳区
朝阳区
朝阳区
朝阳区
朝阳区
朝阳区
朝阳区
朝阳区
朝阳区
朝阳区
朝阳区
朝阳区
朝阳区
朝阳区
朝阳区
朝阳区
朝阳区
朝阳区
海淀区
海淀区
海淀区
海淀区
朝阳区
朝阳区
丰台区
丰台区
丰台区
朝阳区
朝阳区
朝阳区
朝阳区
朝阳区
朝阳区
朝阳区
朝阳区
朝阳区
海淀区
海淀区
海淀区
海淀区
海淀区
通州区
通州区
通州区
通州区
朝阳区
朝阳区
朝阳区
朝阳区
朝阳区
朝阳区
朝阳区
朝阳区
朝阳区
朝阳区
朝阳区
朝阳区
朝阳区
朝阳区
海淀区
海淀区
海淀区
海淀区
海淀区
丰台区
丰台区
丰台区
朝阳区
朝阳区
朝阳区
朝阳区
朝阳区
朝阳区
朝阳区
朝阳区
朝阳区
朝阳区
朝阳区
朝阳区
朝阳区
朝阳区
朝阳区
朝阳区
朝阳区
朝阳区
朝阳区
丰台区
丰台区
丰台区
通州区
通州区
通州区
通州区
通州区
朝阳区
朝阳区
朝阳区
朝阳区
朝阳区
朝阳区
朝阳区
朝阳区
朝阳区
朝阳区
朝阳区
朝阳区
朝阳区
东城区
东城区
东城区
东城区
东城区
丰台区
丰台区
丰台区
丰台区
大兴区
大兴区
大兴区
大兴区
大兴区
昌平区
昌平区
昌平区
昌平区
朝阳区
朝阳区
朝阳区
朝阳区
朝阳区
朝阳区
朝阳区
朝阳区
朝阳区
海淀区
海淀区
海淀区
海淀区
海淀区
海淀区
海淀区
海淀区
海淀区
海淀区
海淀区
朝阳区
朝阳区
朝阳区
朝阳区
朝阳区
朝阳区
朝阳区
朝阳区
朝阳区
朝阳区
朝阳区
朝阳区
朝阳区
朝阳区
朝阳区
朝阳区
朝阳区
朝阳区
朝阳区
朝阳区
朝阳区
朝阳区
朝阳区
朝阳区
朝阳区
朝阳区
海淀区
海淀区
海淀区
海淀区
海淀区
通州区
通州区
通州区
朝阳区
朝阳区
朝阳区
朝阳区
朝阳区
丰台区
丰台区
丰台区
东城区
东城区
东城区
东城区
东城区
朝阳区
朝阳区
朝阳区
朝阳区
东城区
东城区
东城区
东城区
东城区
东城区
东城区
西城区
西城区
西城区
西城区
西城区
海淀区
海淀区
海淀区
海淀区
海淀区
海淀区
海淀区
海淀区
海淀区
海淀区
朝阳区
朝阳区
朝阳区
朝阳区
朝阳区
朝阳区
东城区
东城区
朝阳区
东城区
东城区
东城区
海淀区
海淀区
海淀区
海淀区
海淀区
丰台区
丰台区
丰台区
丰台区
丰台区
朝阳区
朝阳区
朝阳区
大兴区
大兴区
大兴区
大兴区
大兴区
朝阳区
朝阳区
朝阳区
朝阳区
朝阳区
石景山区
石景山区
石景山区
石景山区
石景山区
朝阳区
朝阳区
朝阳区
朝阳区
朝阳区
朝阳区
朝阳区
朝阳区
朝阳区
朝阳区
朝阳区
朝阳区
朝阳区
朝阳区
朝阳区
朝阳区
通州区
通州区
通州区
通州区
通州区
朝阳区
朝阳区
朝阳区
朝阳区
朝阳区
丰台区
丰台区
丰台区
丰台区
丰台区
丰台区
丰台区
丰台区
朝阳区
朝阳区
朝阳区
朝阳区
大兴区
大兴区
海淀区
海淀区
海淀区
海淀区
朝阳区
朝阳区
朝阳区
朝阳区
海淀区
海淀区
海淀区
海淀区
朝阳区
朝阳区
朝阳区
朝阳区
朝阳区
朝阳区
朝阳区
朝阳区
朝阳区
通州区
通州区
通州区
通州区
通州区
昌平区
昌平区
昌平区
丰台区
丰台区
丰台区
丰台区
丰台区
朝阳区
朝阳区
朝阳区
朝阳区
海淀区
海淀区
海淀区
海淀区
海淀区
朝阳区
丰台区
丰台区
丰台区
丰台区
丰台区
丰台区
丰台区
丰台区
丰台区
丰台区
丰台区
丰台区
丰台区
丰台区
丰台区
朝阳区
丰台区
丰台区
丰台区
朝阳区
丰台区
丰台区
丰台区
丰台区
丰台区
丰台区
丰台区
丰台区
朝阳区
朝阳区
朝阳区
丰台区
大兴区
大兴区
大兴区
大兴区
朝阳区
朝阳区
朝阳区
朝阳区
朝阳区
朝阳区
朝阳区
东城区
东城区
东城区
朝阳区
朝阳区
朝阳区
朝阳区
朝阳区
丰台区
丰台区
丰台区
丰台区
丰台区
朝阳区
朝阳区
朝阳区
朝阳区
朝阳区
朝阳区
朝阳区
朝阳区
朝阳区
朝阳区
朝阳区
朝阳区
朝阳区
朝阳区
朝阳区
朝阳区
朝阳区
朝阳区
朝阳区
朝阳区
朝阳区
朝阳区
朝阳区
朝阳区
朝阳区
朝阳区
朝阳区
朝阳区
朝阳区
丰台区
丰台区
丰台区
丰台区
海淀区
海淀区
海淀区
丰台区
丰台区
丰台区
丰台区
丰台区
丰台区
丰台区
丰台区
丰台区
丰台区
丰台区
丰台区
丰台区
丰台区
丰台区
朝阳区
朝阳区
朝阳区
朝阳区
朝阳区
朝阳区
朝阳区
朝阳区
朝阳区
朝阳区
朝阳区
朝阳区
丰台区
丰台区
丰台区
丰台区
丰台区
丰台区
丰台区
丰台区
丰台区
丰台区
丰台区
丰台区
丰台区
丰台区
丰台区
朝阳区
朝阳区
朝阳区
朝阳区
朝阳区
丰台区
丰台区
丰台区
丰台区
朝阳区
朝阳区
朝阳区
海淀区
海淀区
海淀区
海淀区
海淀区
海淀区
海淀区
海淀区
朝阳区
海淀区
海淀区
海淀区
朝阳区
海淀区
海淀区
海淀区
朝阳区
朝阳区
朝阳区
朝阳区
朝阳区
朝阳区
朝阳区
朝阳区
朝阳区
朝阳区
朝阳区
朝阳区
朝阳区
朝阳区
朝阳区
丰台区
丰台区
丰台区
朝阳区
朝阳区
朝阳区
朝阳区
朝阳区
朝阳区
朝阳区
朝阳区
朝阳区
朝阳区
朝阳区
朝阳区
朝阳区
朝阳区
丰台区
朝阳区
丰台区
丰台区
朝阳区
朝阳区
朝阳区
朝阳区
朝阳区
朝阳区
朝阳区
朝阳区
朝阳区
朝阳区
朝阳区
朝阳区
朝阳区
朝阳区
朝阳区
朝阳区
朝阳区
朝阳区
朝阳区
朝阳区
朝阳区
朝阳区
门头沟区
门头沟区
门头沟区
门头沟区
门头沟区
门头沟区
石景山区
石景山区
石景山区
朝阳区
朝阳区
朝阳区
朝阳区
朝阳区
门头沟区
门头沟区
朝阳区
朝阳区
朝阳区
朝阳区
朝阳区
朝阳区
朝阳区
海淀区
昌平区
东城区
东城区
东城区
东城区
朝阳区
朝阳区
朝阳区
朝阳区
西城区
西城区
西城区
西城区
西城区
大兴区
大兴区
大兴区
大兴区
朝阳区
朝阳区
朝阳区
昌平区
昌平区
昌平区
昌平区
东城区
东城区
东城区
通州区
通州区
通州区
顺义区
朝阳区
朝阳区
朝阳区
朝阳区
朝阳区
朝阳区
朝阳区
朝阳区
朝阳区
朝阳区
朝阳区
朝阳区
朝阳区
朝阳区
朝阳区
朝阳区
朝阳区
朝阳区
朝阳区
通州区
通州区
丰台区
丰台区
丰台区
丰台区
丰台区
海淀区
海淀区
海淀区
海淀区
海淀区
海淀区
朝阳区
朝阳区
朝阳区
丰台区
丰台区
丰台区
丰台区
丰台区
朝阳区
朝阳区
海淀区
海淀区
海淀区
海淀区
朝阳区
朝阳区
朝阳区
朝阳区
通州区
通州区
通州区
通州区
通州区
房山区
房山区
房山区
房山区
房山区
朝阳区
朝阳区
朝阳区
朝阳区
朝阳区
朝阳区
朝阳区
朝阳区
通州区
通州区
通州区
朝阳区
朝阳区
朝阳区
朝阳区
朝阳区
丰台区
丰台区
丰台区
丰台区
丰台区
丰台区
丰台区
丰台区
丰台区
丰台区
丰台区
丰台区
丰台区
丰台区
丰台区
丰台区
丰台区
丰台区
丰台区
丰台区
丰台区
丰台区
丰台区
丰台区
丰台区
朝阳区
朝阳区
朝阳区
朝阳区
朝阳区
朝阳区
朝阳区
朝阳区
朝阳区
通州区
朝阳区
朝阳区
朝阳区
朝阳区
朝阳区
丰台区
丰台区
丰台区
丰台区
丰台区
朝阳区
朝阳区
朝阳区
朝阳区
朝阳区
丰台区
丰台区
丰台区
丰台区
丰台区
丰台区
丰台区
丰台区
丰台区
丰台区
丰台区
丰台区
丰台区
丰台区
丰台区
丰台区
海淀区
海淀区
石景山区
石景山区
石景山区
石景山区
石景山区
大兴区
大兴区
大兴区
东城区
朝阳区
朝阳区
朝阳区
朝阳区
海淀区
石景山区
石景山区
石景山区
石景山区
石景山区
石景山区
石景山区
石景山区
石景山区
丰台区
丰台区
丰台区
丰台区
丰台区
丰台区
丰台区
丰台区
丰台区
丰台区
丰台区
丰台区
丰台区
丰台区
丰台区
丰台区
海淀区
海淀区
海淀区
海淀区
海淀区
丰台区
丰台区
丰台区
丰台区
丰台区
丰台区
丰台区
丰台区
丰台区
丰台区
海淀区
海淀区
丰台区
丰台区
丰台区
朝阳区
朝阳区
朝阳区
朝阳区
海淀区
海淀区
海淀区
海淀区
朝阳区
朝阳区
朝阳区
朝阳区
朝阳区
朝阳区
朝阳区
朝阳区
朝阳区
朝阳区
朝阳区
朝阳区
丰台区
丰台区
丰台区
丰台区
丰台区
丰台区
丰台区
丰台区
朝阳区
朝阳区
朝阳区
朝阳区
朝阳区
朝阳区
朝阳区
大兴区
大兴区
大兴区
丰台区
大兴区
丰台区
丰台区
丰台区
丰台区
丰台区
昌平区
昌平区
昌平区
昌平区
丰台区
丰台区
丰台区
丰台区
丰台区
昌平区
昌平区
昌平区
昌平区
海淀区
海淀区
海淀区
西城区
西城区
西城区
西城区
西城区
西城区
西城区
西城区
西城区
西城区
朝阳区
朝阳区
朝阳区
朝阳区
朝阳区
朝阳区
朝阳区
朝阳区
朝阳区
朝阳区
朝阳区
海淀区
海淀区
海淀区
海淀区
东城区
东城区
东城区
东城区
东城区
朝阳区
朝阳区
朝阳区
朝阳区
朝阳区
朝阳区
朝阳区
西城区
朝阳区
朝阳区
西城区
海淀区
海淀区
海淀区
海淀区
西城区
西城区
西城区
西城区
西城区
海淀区
海淀区
海淀区
海淀区
海淀区
朝阳区
朝阳区
朝阳区
朝阳区
朝阳区
朝阳区
大兴区
大兴区
大兴区
大兴区
大兴区
丰台区
丰台区
丰台区
丰台区
朝阳区
朝阳区
朝阳区
朝阳区
朝阳区
海淀区
海淀区
海淀区
朝阳区
朝阳区
东城区
东城区
东城区
海淀区
海淀区
海淀区
海淀区
朝阳区
朝阳区
朝阳区
朝阳区
朝阳区
朝阳区
朝阳区
朝阳区
朝阳区
朝阳区
丰台区
丰台区
朝阳区
朝阳区
朝阳区
朝阳区
朝阳区
朝阳区
朝阳区
朝阳区
东城区
海淀区
海淀区
朝阳区
朝阳区
朝阳区
朝阳区
朝阳区
朝阳区
朝阳区
朝阳区
海淀区
海淀区
海淀区
海淀区
海淀区
海淀区
朝阳区
朝阳区
朝阳区
朝阳区
朝阳区
朝阳区
朝阳区
朝阳区
朝阳区
朝阳区
朝阳区
丰台区
丰台区
丰台区
朝阳区
朝阳区
朝阳区
朝阳区
朝阳区
朝阳区
朝阳区
朝阳区
朝阳区
朝阳区
通州区
通州区
通州区
通州区
丰台区
丰台区
丰台区
丰台区
朝阳区
朝阳区
朝阳区
朝阳区
朝阳区
朝阳区
朝阳区
朝阳区
海淀区
海淀区
海淀区
海淀区
朝阳区
朝阳区
朝阳区
朝阳区
朝阳区
西城区
西城区
西城区
西城区
西城区
海淀区
海淀区
海淀区
海淀区
海淀区
朝阳区
朝阳区
朝阳区
朝阳区
东城区
东城区
东城区
东城区
东城区
东城区
东城区
东城区
朝阳区
朝阳区
朝阳区
朝阳区
海淀区
朝阳区
朝阳区
朝阳区
海淀区
丰台区
丰台区
丰台区
丰台区
房山区
房山区
房山区
房山区
丰台区
房山区
房山区
房山区
房山区
丰台区
房山区
房山区
房山区
丰台区
房山区
石景山区
海淀区
海淀区
海淀区
海淀区
石景山区
石景山区
石景山区
石景山区
朝阳区
朝阳区
丰台区
丰台区
丰台区
丰台区
丰台区
丰台区
丰台区
丰台区
朝阳区
朝阳区
朝阳区
朝阳区
朝阳区
通州区
通州区
通州区
通州区
通州区
通州区
通州区
通州区
朝阳区
朝阳区
朝阳区
朝阳区
朝阳区
东城区
东城区
东城区
东城区
东城区
东城区
东城区
东城区
东城区
海淀区
海淀区
海淀区
海淀区
海淀区
大兴区
丰台区
丰台区
丰台区
大兴区
昌平区
昌平区
昌平区
昌平区
房山区
房山区
房山区
房山区
朝阳区
昌平区
昌平区
昌平区
通州区
通州区
通州区
朝阳区
朝阳区
朝阳区
朝阳区
朝阳区
朝阳区
朝阳区
朝阳区
朝阳区
朝阳区
朝阳区
朝阳区
朝阳区
朝阳区
朝阳区
朝阳区
朝阳区
朝阳区
朝阳区
海淀区
海淀区
海淀区
海淀区
海淀区
大兴区
大兴区
大兴区
大兴区
朝阳区
朝阳区
朝阳区
朝阳区
朝阳区
朝阳区
朝阳区
大兴区
大兴区
大兴区
朝阳区
朝阳区
朝阳区
朝阳区
房山区
房山区
房山区
房山区
房山区
朝阳区
朝阳区
朝阳区
朝阳区
朝阳区
通州区
通州区
通州区
通州区
通州区
朝阳区
朝阳区
朝阳区
大兴区
大兴区
大兴区
大兴区
朝阳区
朝阳区
海淀区
海淀区
海淀区
海淀区
朝阳区
丰台区
丰台区
昌平区
昌平区
朝阳区
丰台区
丰台区
朝阳区
朝阳区
朝阳区
朝阳区
通州区
通州区
通州区
通州区
通州区
通州区
通州区
通州区
通州区
通州区
西城区
西城区
西城区
西城区
西城区
西城区
西城区
西城区
西城区
西城区
朝阳区
朝阳区
朝阳区
朝阳区
朝阳区
朝阳区
朝阳区
朝阳区
朝阳区
朝阳区
朝阳区
朝阳区
朝阳区
朝阳区
朝阳区
朝阳区
朝阳区
朝阳区
朝阳区
朝阳区
朝阳区
朝阳区
朝阳区
朝阳区
朝阳区
朝阳区
朝阳区
西城区
西城区
西城区
朝阳区
朝阳区
朝阳区
朝阳区
丰台区
丰台区
丰台区
丰台区
丰台区
丰台区
丰台区
丰台区
丰台区
丰台区
丰台区
丰台区
丰台区
丰台区
朝阳区
朝阳区
朝阳区
朝阳区
通州区
大兴区
海淀区
海淀区
海淀区
海淀区
大兴区
大兴区
大兴区
大兴区
大兴区
大兴区
大兴区
朝阳区
朝阳区
朝阳区
朝阳区
朝阳区
朝阳区
朝阳区
朝阳区
丰台区
丰台区
丰台区
大兴区
丰台区
丰台区
丰台区
丰台区
丰台区
东城区
东城区
东城区
东城区
东城区
朝阳区
朝阳区
朝阳区
朝阳区
朝阳区
朝阳区
朝阳区
朝阳区
朝阳区
朝阳区
朝阳区
朝阳区
朝阳区
朝阳区
朝阳区
朝阳区
海淀区
海淀区
海淀区
海淀区
西城区
丰台区
丰台区
丰台区
丰台区
朝阳区
朝阳区
朝阳区
朝阳区
朝阳区
朝阳区
朝阳区
丰台区
丰台区
丰台区
丰台区
丰台区
朝阳区
朝阳区
朝阳区
朝阳区
朝阳区
朝阳区
海淀区
海淀区
海淀区
大兴区
大兴区
大兴区
大兴区
朝阳区
朝阳区
朝阳区
朝阳区
朝阳区
朝阳区
朝阳区
朝阳区
朝阳区
朝阳区
朝阳区
朝阳区
朝阳区
东城区
东城区
东城区
东城区
朝阳区
朝阳区
朝阳区
石景山区
石景山区
石景山区
石景山区
石景山区
朝阳区
朝阳区
朝阳区
朝阳区
朝阳区
通州区
通州区
通州区
海淀区
海淀区
海淀区
海淀区
海淀区
海淀区
海淀区
海淀区
丰台区
丰台区
丰台区
东城区
东城区
东城区
东城区
东城区
西城区
西城区
朝阳区
朝阳区
朝阳区
朝阳区
朝阳区
朝阳区
朝阳区
朝阳区
朝阳区
朝阳区
朝阳区
朝阳区
朝阳区
朝阳区
朝阳区
朝阳区
朝阳区
朝阳区
东城区
东城区
东城区
丰台区
丰台区
丰台区
丰台区
丰台区
海淀区
海淀区
海淀区
海淀区
西城区
西城区
西城区
朝阳区
朝阳区
朝阳区
朝阳区
朝阳区
朝阳区
朝阳区
朝阳区
东城区
东城区
朝阳区
朝阳区
朝阳区
朝阳区
朝阳区
海淀区
海淀区
海淀区
海淀区
海淀区
西城区
西城区
西城区
西城区
丰台区
东城区
东城区
东城区
朝阳区
朝阳区
东城区
东城区
东城区
丰台区
丰台区
丰台区
丰台区
丰台区
丰台区
丰台区
丰台区
丰台区
朝阳区
朝阳区
朝阳区
朝阳区
朝阳区
丰台区
丰台区
丰台区
丰台区
丰台区
丰台区
丰台区
丰台区
丰台区
丰台区
通州区
朝阳区
朝阳区
朝阳区
丰台区
丰台区
丰台区
丰台区
丰台区
丰台区
朝阳区
朝阳区
朝阳区
朝阳区
海淀区
海淀区
海淀区
海淀区
朝阳区
朝阳区
朝阳区
朝阳区
东城区
东城区
东城区
东城区
东城区
朝阳区
朝阳区
朝阳区
朝阳区
海淀区
海淀区
海淀区
朝阳区
朝阳区
朝阳区
朝阳区
朝阳区
朝阳区
朝阳区
朝阳区
朝阳区
朝阳区
房山区
房山区
房山区
房山区
房山区
朝阳区
朝阳区
朝阳区
朝阳区
朝阳区
朝阳区
朝阳区
朝阳区
大兴区
丰台区
大兴区
朝阳区
朝阳区
朝阳区
朝阳区
大兴区
大兴区
海淀区
朝阳区
朝阳区
朝阳区
朝阳区
朝阳区
朝阳区
朝阳区
朝阳区
朝阳区
朝阳区
东城区
东城区
东城区
东城区
东城区
朝阳区
朝阳区
通州区
朝阳区
朝阳区
朝阳区
朝阳区
朝阳区
朝阳区
朝阳区
朝阳区
朝阳区
朝阳区
朝阳区
朝阳区
朝阳区
朝阳区
朝阳区
朝阳区
朝阳区
东城区
东城区
东城区
东城区
朝阳区
朝阳区
朝阳区
朝阳区
朝阳区
朝阳区
东城区
通州区
通州区
通州区
通州区
通州区
丰台区
朝阳区
朝阳区
朝阳区
朝阳区
朝阳区
朝阳区
朝阳区
朝阳区
朝阳区
朝阳区
朝阳区
朝阳区
海淀区
海淀区
海淀区
海淀区
昌平区
海淀区
海淀区
海淀区
海淀区
大兴区
大兴区
丰台区
朝阳区
朝阳区
朝阳区
丰台区
丰台区
丰台区
朝阳区
朝阳区
朝阳区
朝阳区
朝阳区
朝阳区
朝阳区
朝阳区
朝阳区
朝阳区
朝阳区
朝阳区
朝阳区
朝阳区
朝阳区
朝阳区
朝阳区
朝阳区
朝阳区
朝阳区
朝阳区
朝阳区
丰台区
丰台区
丰台区
丰台区
丰台区
丰台区
丰台区
丰台区
丰台区
丰台区
丰台区
丰台区
丰台区
西城区
西城区
西城区
西城区
西城区
东城区
东城区
东城区
东城区
大兴区
大兴区
大兴区
大兴区
朝阳区
朝阳区
朝阳区
朝阳区
朝阳区
朝阳区
朝阳区
朝阳区
朝阳区
朝阳区
朝阳区
朝阳区
朝阳区
朝阳区
朝阳区
朝阳区
朝阳区
朝阳区
朝阳区
朝阳区
朝阳区
朝阳区
朝阳区
朝阳区
朝阳区
朝阳区
朝阳区
朝阳区
朝阳区
朝阳区
朝阳区
朝阳区
朝阳区
朝阳区
西城区
朝阳区
朝阳区
朝阳区
朝阳区
朝阳区
朝阳区
朝阳区
朝阳区
房山区
房山区
朝阳区
朝阳区
朝阳区
朝阳区
海淀区
海淀区
海淀区
海淀区
海淀区
朝阳区
朝阳区
朝阳区
朝阳区
朝阳区
朝阳区
朝阳区
朝阳区
东城区
东城区
东城区
朝阳区
东城区
东城区
东城区
东城区
西城区
西城区
丰台区
丰台区
大兴区
大兴区
大兴区
大兴区
大兴区
东城区
东城区
朝阳区
大兴区
朝阳区
大兴区
大兴区
大兴区
朝阳区
大兴区
大兴区
大兴区
海淀区
海淀区
海淀区
海淀区
海淀区
海淀区
海淀区
海淀区
海淀区
海淀区
朝阳区
朝阳区
朝阳区
朝阳区
朝阳区
朝阳区
大兴区
大兴区
大兴区
通州区
通州区
通州区
通州区
通州区
通州区
通州区
海淀区
海淀区
海淀区
海淀区
朝阳区
朝阳区
朝阳区
朝阳区
朝阳区
朝阳区
朝阳区
朝阳区
丰台区
丰台区
丰台区
丰台区
丰台区
丰台区
丰台区
丰台区
丰台区
丰台区
朝阳区
朝阳区
朝阳区
朝阳区
通州区
通州区
通州区
通州区
朝阳区
朝阳区
朝阳区
朝阳区
朝阳区
朝阳区
朝阳区
朝阳区
朝阳区
朝阳区
朝阳区
朝阳区
朝阳区
朝阳区
朝阳区
朝阳区
朝阳区
朝阳区
朝阳区
朝阳区
朝阳区
朝阳区
朝阳区
朝阳区
朝阳区
通州区
通州区
通州区
通州区
通州区
朝阳区
朝阳区
朝阳区
朝阳区
朝阳区
朝阳区
朝阳区
朝阳区
朝阳区
朝阳区
朝阳区
朝阳区
朝阳区
朝阳区
朝阳区
朝阳区
朝阳区
朝阳区
朝阳区
朝阳区
朝阳区
朝阳区
大兴区
大兴区
大兴区
大兴区
海淀区
海淀区
海淀区
通州区
通州区
通州区
通州区
东城区
东城区
东城区
海淀区
海淀区
昌平区
昌平区
朝阳区
朝阳区
朝阳区
朝阳区
朝阳区
朝阳区
朝阳区
朝阳区
朝阳区
朝阳区
通州区
通州区
通州区
通州区
朝阳区
海淀区
朝阳区
海淀区
朝阳区
朝阳区
海淀区
朝阳区
海淀区
朝阳区
海淀区
海淀区
海淀区
海淀区
海淀区
西城区
西城区
西城区
西城区
海淀区
海淀区
海淀区
海淀区
朝阳区
朝阳区
朝阳区
朝阳区
朝阳区
东城区
东城区
东城区
东城区
东城区
朝阳区
朝阳区
朝阳区
朝阳区
朝阳区
朝阳区
朝阳区
朝阳区
朝阳区
朝阳区
朝阳区
海淀区
朝阳区
朝阳区
朝阳区
石景山区
石景山区
石景山区
石景山区
石景山区
石景山区
石景山区
石景山区
石景山区
石景山区
石景山区
石景山区
石景山区
石景山区
石景山区
石景山区
石景山区
石景山区
石景山区
朝阳区
朝阳区
朝阳区
朝阳区
朝阳区
朝阳区
朝阳区
朝阳区
丰台区
丰台区
丰台区
丰台区
丰台区
丰台区
丰台区
朝阳区
朝阳区
朝阳区
朝阳区
朝阳区
朝阳区
朝阳区
丰台区
丰台区
丰台区
丰台区
朝阳区
朝阳区
朝阳区
朝阳区
朝阳区
丰台区
丰台区
丰台区
丰台区
朝阳区
朝阳区
朝阳区
朝阳区
朝阳区
丰台区
丰台区
丰台区
朝阳区
朝阳区
朝阳区
朝阳区
朝阳区
朝阳区
海淀区
海淀区
海淀区
海淀区
朝阳区
朝阳区
朝阳区
朝阳区
朝阳区
朝阳区
朝阳区
朝阳区
朝阳区
海淀区
海淀区
海淀区
海淀区
丰台区
丰台区
丰台区
大兴区
大兴区
海淀区
海淀区
海淀区
海淀区
丰台区
丰台区
丰台区
丰台区
丰台区
丰台区
丰台区
丰台区
丰台区
丰台区
丰台区
丰台区
丰台区
海淀区
海淀区
海淀区
海淀区
海淀区
朝阳区
朝阳区
朝阳区
朝阳区
朝阳区
朝阳区
朝阳区
朝阳区
朝阳区
海淀区
海淀区
海淀区
海淀区
海淀区
朝阳区
朝阳区
朝阳区
朝阳区
朝阳区
朝阳区
朝阳区
朝阳区
朝阳区
丰台区
丰台区
丰台区
通州区
通州区
通州区
通州区
通州区
丰台区
丰台区
丰台区
丰台区
丰台区
朝阳区
朝阳区
海淀区
海淀区
海淀区
海淀区
门头沟区
朝阳区
朝阳区
朝阳区
朝阳区
朝阳区
朝阳区
朝阳区
朝阳区
朝阳区
朝阳区
朝阳区
朝阳区
朝阳区
朝阳区
朝阳区
朝阳区
朝阳区
朝阳区
朝阳区
朝阳区
朝阳区
房山区
房山区
房山区
房山区
大兴区
大兴区
大兴区
大兴区
大兴区
大兴区
大兴区
大兴区
大兴区
朝阳区
朝阳区
朝阳区
朝阳区
朝阳区
朝阳区
朝阳区
朝阳区
西城区
西城区
西城区
西城区
西城区
丰台区
丰台区
丰台区
丰台区
丰台区
西城区
西城区
西城区
西城区
西城区
朝阳区
朝阳区
朝阳区
海淀区
海淀区
海淀区
海淀区
海淀区
通州区
通州区
通州区
丰台区
丰台区
丰台区
丰台区
丰台区
朝阳区
大兴区
大兴区
大兴区
朝阳区
大兴区
大兴区
大兴区
朝阳区
朝阳区
朝阳区
丰台区
丰台区
丰台区
丰台区
丰台区
朝阳区
朝阳区
朝阳区
朝阳区
朝阳区
朝阳区
朝阳区
朝阳区
朝阳区
朝阳区
朝阳区
朝阳区
朝阳区
朝阳区
朝阳区
朝阳区
朝阳区
朝阳区
朝阳区
大兴区
大兴区
大兴区
大兴区
大兴区
东城区
东城区
东城区
东城区
东城区
东城区
东城区
丰台区
丰台区
丰台区
丰台区
丰台区
朝阳区
朝阳区
朝阳区
朝阳区
朝阳区
丰台区
丰台区
丰台区
丰台区
丰台区
朝阳区
朝阳区
朝阳区
石景山区
石景山区
朝阳区
朝阳区
朝阳区
石景山区
石景山区
丰台区
丰台区
丰台区
丰台区
朝阳区
朝阳区
朝阳区
朝阳区
朝阳区
海淀区
海淀区
海淀区
海淀区
朝阳区
朝阳区
朝阳区
朝阳区
朝阳区
朝阳区
朝阳区
朝阳区
朝阳区
东城区
东城区
东城区
东城区
东城区
朝阳区
朝阳区
朝阳区
朝阳区
朝阳区
朝阳区
朝阳区
朝阳区
朝阳区
朝阳区
朝阳区
朝阳区
朝阳区
朝阳区
朝阳区
朝阳区
朝阳区
朝阳区
朝阳区
昌平区
昌平区
朝阳区
朝阳区
朝阳区
丰台区
丰台区
丰台区
通州区
通州区
通州区
通州区
通州区
朝阳区
朝阳区
朝阳区
朝阳区
大兴区
大兴区
大兴区
海淀区
海淀区
海淀区
海淀区
海淀区
海淀区
海淀区
海淀区
海淀区
海淀区
海淀区
海淀区
海淀区
海淀区
海淀区
朝阳区
朝阳区
朝阳区
朝阳区
朝阳区
朝阳区
朝阳区
朝阳区
朝阳区
朝阳区
丰台区
丰台区
丰台区
朝阳区
朝阳区
朝阳区
朝阳区
朝阳区
朝阳区
朝阳区
朝阳区
朝阳区
朝阳区
丰台区
丰台区
丰台区
丰台区
丰台区
朝阳区
朝阳区
朝阳区
朝阳区
朝阳区
朝阳区
朝阳区
朝阳区
朝阳区
朝阳区
朝阳区
朝阳区
丰台区
丰台区
丰台区
丰台区
朝阳区
朝阳区
朝阳区
朝阳区
朝阳区
朝阳区
海淀区
西城区
海淀区
海淀区
海淀区
大兴区
大兴区
朝阳区
朝阳区
朝阳区
朝阳区
大兴区
大兴区
大兴区
大兴区
大兴区
大兴区
大兴区
大兴区
丰台区
丰台区
丰台区
朝阳区
朝阳区
朝阳区
朝阳区
丰台区
丰台区
丰台区
丰台区
大兴区
朝阳区
海淀区
海淀区
海淀区
海淀区
朝阳区
朝阳区
朝阳区
朝阳区
朝阳区
朝阳区
朝阳区
朝阳区
朝阳区
丰台区
丰台区
丰台区
丰台区
朝阳区
朝阳区
朝阳区
丰台区
丰台区
丰台区
海淀区
海淀区
海淀区
海淀区
海淀区
海淀区
海淀区
海淀区
海淀区
海淀区
海淀区
海淀区
海淀区
海淀区
海淀区
海淀区
朝阳区
朝阳区
朝阳区
朝阳区
朝阳区
朝阳区
朝阳区
朝阳区
朝阳区
朝阳区
朝阳区
朝阳区
朝阳区
朝阳区
朝阳区
朝阳区
朝阳区
朝阳区
朝阳区
朝阳区
朝阳区
朝阳区
朝阳区
朝阳区
朝阳区
朝阳区
朝阳区
朝阳区
朝阳区
朝阳区
朝阳区
朝阳区
海淀区
海淀区
海淀区
海淀区
丰台区
石景山区
石景山区
石景山区
石景山区
石景山区
海淀区
海淀区
海淀区
海淀区
丰台区
丰台区
丰台区
丰台区
丰台区
丰台区
朝阳区
朝阳区
朝阳区
朝阳区
朝阳区
丰台区
丰台区
丰台区
丰台区
丰台区
朝阳区
朝阳区
朝阳区
朝阳区
朝阳区
朝阳区
朝阳区
朝阳区
朝阳区
朝阳区
朝阳区
通州区
通州区
通州区
西城区
西城区
西城区
西城区
西城区
西城区
海淀区
海淀区
海淀区
海淀区
朝阳区
朝阳区
朝阳区
朝阳区
朝阳区
朝阳区
朝阳区
朝阳区
朝阳区
朝阳区
朝阳区
朝阳区
朝阳区
朝阳区
朝阳区
朝阳区
朝阳区
朝阳区
朝阳区
朝阳区
丰台区
丰台区
丰台区
丰台区
丰台区
海淀区
海淀区
海淀区
海淀区
海淀区
大兴区
大兴区
大兴区
大兴区
大兴区
朝阳区
朝阳区
朝阳区
朝阳区
朝阳区
朝阳区
朝阳区
朝阳区
朝阳区
东城区
东城区
东城区
东城区
东城区
通州区
通州区
通州区
通州区
通州区
通州区
通州区
通州区
通州区
通州区
朝阳区
朝阳区
朝阳区
朝阳区
朝阳区
朝阳区
朝阳区
丰台区
丰台区
丰台区
朝阳区
朝阳区
朝阳区
朝阳区
朝阳区
朝阳区
朝阳区
朝阳区
朝阳区
朝阳区
朝阳区
朝阳区
朝阳区
朝阳区
朝阳区
海淀区
海淀区
海淀区
海淀区
海淀区
朝阳区
朝阳区
丰台区
丰台区
丰台区
丰台区
丰台区
海淀区
海淀区
海淀区
海淀区
海淀区
海淀区
海淀区
海淀区
海淀区
海淀区
丰台区
丰台区
丰台区
丰台区
丰台区
朝阳区
朝阳区
朝阳区
朝阳区
东城区
朝阳区
朝阳区
朝阳区
朝阳区
朝阳区
朝阳区
朝阳区
房山区
房山区
房山区
房山区
房山区
通州区
通州区
通州区
通州区
通州区
通州区
东城区
东城区
东城区
朝阳区
朝阳区
朝阳区
朝阳区
朝阳区
朝阳区
朝阳区
朝阳区
朝阳区
朝阳区
朝阳区
朝阳区
朝阳区
朝阳区
朝阳区
朝阳区
朝阳区
朝阳区
朝阳区
朝阳区
朝阳区
朝阳区
海淀区
海淀区
海淀区
海淀区
东城区
东城区
东城区
东城区
昌平区
昌平区
昌平区
昌平区
朝阳区
朝阳区
朝阳区
朝阳区
昌平区
朝阳区
昌平区
朝阳区
昌平区
昌平区
昌平区
昌平区
昌平区
朝阳区
朝阳区
朝阳区
朝阳区
丰台区
丰台区
丰台区
丰台区
朝阳区
朝阳区
朝阳区
朝阳区
朝阳区
丰台区
丰台区
丰台区
丰台区
丰台区
海淀区
海淀区
海淀区
朝阳区
朝阳区
朝阳区
朝阳区
朝阳区
朝阳区
朝阳区
朝阳区
朝阳区
大兴区
大兴区
大兴区
大兴区
大兴区
朝阳区
朝阳区
朝阳区
朝阳区
丰台区
丰台区
丰台区
丰台区
丰台区
朝阳区
朝阳区
房山区
房山区
房山区
房山区
房山区
朝阳区
朝阳区
朝阳区
朝阳区
朝阳区
朝阳区
朝阳区
朝阳区
朝阳区
朝阳区
朝阳区
朝阳区
朝阳区
朝阳区
朝阳区
丰台区
丰台区
丰台区
丰台区
丰台区
丰台区
丰台区
丰台区
丰台区
丰台区
丰台区
丰台区
丰台区
丰台区
东城区
海淀区
海淀区
海淀区
海淀区
海淀区
东城区
东城区
东城区
东城区
西城区
西城区
西城区
西城区
朝阳区
朝阳区
朝阳区
朝阳区
朝阳区
海淀区
海淀区
海淀区
海淀区
海淀区
海淀区
海淀区
海淀区
海淀区
朝阳区
朝阳区
朝阳区
朝阳区
丰台区
丰台区
朝阳区
朝阳区
朝阳区
朝阳区
朝阳区
朝阳区
朝阳区
朝阳区
朝阳区
朝阳区
朝阳区
朝阳区
朝阳区
朝阳区
朝阳区
朝阳区
朝阳区
朝阳区
朝阳区
东城区
东城区
西城区
东城区
东城区
东城区
西城区
东城区
朝阳区
顺义区
顺义区
海淀区
海淀区
海淀区
海淀区
海淀区
海淀区
海淀区
海淀区
朝阳区
朝阳区
朝阳区
朝阳区
海淀区
海淀区
海淀区
海淀区
丰台区
丰台区
丰台区
丰台区
东城区
东城区
东城区
东城区
东城区
东城区
东城区
东城区
东城区
东城区
丰台区
丰台区
丰台区
丰台区
东城区
东城区
东城区
东城区
东城区
东城区
东城区
东城区
东城区
东城区
丰台区
丰台区
丰台区
丰台区
丰台区
通州区
通州区
通州区
通州区
通州区
通州区
通州区
通州区
通州区
朝阳区
朝阳区
朝阳区
朝阳区
海淀区
海淀区
海淀区
海淀区
海淀区
通州区
通州区
通州区
通州区
通州区
朝阳区
朝阳区
朝阳区
西城区
西城区
西城区
西城区
西城区
朝阳区
朝阳区
朝阳区
朝阳区
东城区
东城区
东城区
东城区
昌平区
昌平区
昌平区
昌平区
昌平区
朝阳区
朝阳区
朝阳区
朝阳区
西城区
西城区
西城区
西城区
西城区
西城区
西城区
西城区
西城区
西城区
通州区
通州区
通州区
通州区
朝阳区
朝阳区
朝阳区
朝阳区
朝阳区
朝阳区
朝阳区
朝阳区
朝阳区
朝阳区
海淀区
海淀区
海淀区
朝阳区
东城区
东城区
东城区
朝阳区
东城区
东城区
东城区
朝阳区
朝阳区
朝阳区
朝阳区
朝阳区
朝阳区
朝阳区
朝阳区
朝阳区
朝阳区
大兴区
丰台区
大兴区
丰台区
海淀区
海淀区
海淀区
海淀区
海淀区
朝阳区
朝阳区
朝阳区
朝阳区
朝阳区
海淀区
海淀区
海淀区
海淀区
海淀区
朝阳区
朝阳区
朝阳区
朝阳区
朝阳区
朝阳区
朝阳区
朝阳区
朝阳区
朝阳区
东城区
东城区
东城区
东城区
东城区
通州区
通州区
通州区
通州区
通州区
朝阳区
朝阳区
朝阳区
朝阳区
朝阳区
朝阳区
朝阳区
朝阳区
朝阳区
朝阳区
朝阳区
朝阳区
丰台区
丰台区
丰台区
丰台区
丰台区
丰台区
丰台区
丰台区
丰台区
丰台区
丰台区
丰台区
丰台区
朝阳区
朝阳区
朝阳区
朝阳区
朝阳区
丰台区
丰台区
丰台区
丰台区
朝阳区
朝阳区
朝阳区
朝阳区
朝阳区
朝阳区
朝阳区
朝阳区
朝阳区
房山区
房山区
房山区
房山区
顺义区
顺义区
顺义区
顺义区
顺义区
丰台区
丰台区
丰台区
丰台区
大兴区
海淀区
海淀区
海淀区
海淀区
丰台区
丰台区
丰台区
丰台区
东城区
东城区
东城区
东城区
朝阳区
朝阳区
朝阳区
朝阳区
朝阳区
房山区
房山区
房山区
房山区
海淀区
朝阳区
朝阳区
丰台区
丰台区
丰台区
朝阳区
朝阳区
朝阳区
朝阳区
朝阳区
朝阳区
朝阳区
朝阳区
朝阳区
朝阳区
朝阳区
朝阳区
朝阳区
朝阳区
朝阳区
朝阳区
朝阳区
朝阳区
朝阳区
朝阳区
朝阳区
朝阳区
海淀区
海淀区
海淀区
朝阳区
朝阳区
西城区
朝阳区
朝阳区
朝阳区
朝阳区
朝阳区
朝阳区
朝阳区
朝阳区
朝阳区
朝阳区
朝阳区
朝阳区
朝阳区
朝阳区
朝阳区
朝阳区
朝阳区
朝阳区
朝阳区
海淀区
海淀区
海淀区
朝阳区
朝阳区
海淀区
海淀区
海淀区
朝阳区
朝阳区
朝阳区
朝阳区
朝阳区
朝阳区
朝阳区
朝阳区
朝阳区
朝阳区
朝阳区
朝阳区
丰台区
朝阳区
朝阳区
朝阳区
朝阳区
朝阳区
朝阳区
朝阳区
朝阳区
朝阳区
朝阳区
朝阳区
朝阳区
朝阳区
朝阳区
朝阳区
朝阳区
朝阳区
朝阳区
丰台区
丰台区
丰台区
丰台区
朝阳区
朝阳区
朝阳区
朝阳区
朝阳区
朝阳区
朝阳区
朝阳区
朝阳区
朝阳区
朝阳区
朝阳区
朝阳区
丰台区
丰台区
朝阳区
朝阳区
朝阳区
朝阳区
朝阳区
丰台区
丰台区
大兴区
大兴区
丰台区
丰台区
大兴区
大兴区
昌平区
昌平区
昌平区
昌平区
丰台区
丰台区
丰台区
丰台区
朝阳区
朝阳区
朝阳区
朝阳区
朝阳区
朝阳区
房山区
房山区
房山区
房山区
房山区
朝阳区
朝阳区
朝阳区
朝阳区
海淀区
海淀区
海淀区
海淀区
朝阳区
朝阳区
朝阳区
朝阳区
朝阳区
昌平区
昌平区
昌平区
朝阳区
朝阳区
朝阳区
朝阳区
朝阳区
朝阳区
朝阳区
朝阳区
朝阳区
朝阳区
朝阳区
朝阳区
朝阳区
朝阳区
通州区
大兴区
丰台区
丰台区
丰台区
丰台区
朝阳区
朝阳区
朝阳区
朝阳区
朝阳区
朝阳区
朝阳区
朝阳区
朝阳区
朝阳区
朝阳区
西城区
西城区
西城区
西城区
西城区
西城区
西城区
西城区
朝阳区
朝阳区
朝阳区
朝阳区
朝阳区
朝阳区
朝阳区
朝阳区
朝阳区
朝阳区
朝阳区
朝阳区
朝阳区
朝阳区
朝阳区
朝阳区
朝阳区
朝阳区
朝阳区
朝阳区
朝阳区
朝阳区
朝阳区
朝阳区
朝阳区
朝阳区
朝阳区
朝阳区
朝阳区
朝阳区
朝阳区
朝阳区
朝阳区
朝阳区
朝阳区
朝阳区
朝阳区
朝阳区
朝阳区
朝阳区
朝阳区
朝阳区
朝阳区
朝阳区
朝阳区
朝阳区
海淀区
海淀区
海淀区
海淀区
海淀区
海淀区
海淀区
海淀区
海淀区
海淀区
海淀区
海淀区
海淀区
海淀区
朝阳区
朝阳区
朝阳区
朝阳区
大兴区
大兴区
大兴区
大兴区
大兴区
海淀区
海淀区
朝阳区
昌平区
昌平区
朝阳区
丰台区
丰台区
丰台区
丰台区
丰台区
朝阳区
朝阳区
朝阳区
朝阳区
朝阳区
朝阳区
朝阳区
朝阳区
朝阳区
朝阳区
朝阳区
朝阳区
朝阳区
朝阳区
朝阳区
朝阳区
朝阳区
朝阳区
朝阳区
朝阳区
丰台区
丰台区
丰台区
丰台区
丰台区
丰台区
丰台区
丰台区
丰台区
丰台区
丰台区
丰台区
丰台区
丰台区
丰台区
丰台区
丰台区
丰台区
丰台区
丰台区
海淀区
海淀区
海淀区
海淀区
海淀区
丰台区
丰台区
丰台区
丰台区
丰台区
丰台区
丰台区
丰台区
西城区
西城区
大兴区
大兴区
大兴区
大兴区
丰台区
大兴区
朝阳区
朝阳区
朝阳区
朝阳区
海淀区
海淀区
朝阳区
朝阳区
朝阳区
朝阳区
朝阳区
朝阳区
朝阳区
朝阳区
朝阳区
东城区
东城区
东城区
东城区
东城区
东城区
东城区
东城区
东城区
朝阳区
朝阳区
朝阳区
东城区
东城区
东城区
东城区
东城区
丰台区
丰台区
丰台区
丰台区
丰台区
丰台区
丰台区
丰台区
朝阳区
朝阳区
朝阳区
朝阳区
朝阳区
朝阳区
朝阳区
朝阳区
朝阳区
朝阳区
朝阳区
朝阳区
朝阳区
朝阳区
朝阳区
丰台区
丰台区
丰台区
丰台区
丰台区
丰台区
朝阳区
海淀区
海淀区
海淀区
海淀区
海淀区
朝阳区
朝阳区
朝阳区
朝阳区
朝阳区
朝阳区
朝阳区
朝阳区
朝阳区
朝阳区
朝阳区
朝阳区
朝阳区
朝阳区
朝阳区
朝阳区
朝阳区
朝阳区
丰台区
大兴区
大兴区
朝阳区
朝阳区
朝阳区
朝阳区
朝阳区
朝阳区
朝阳区
朝阳区
朝阳区
朝阳区
朝阳区
朝阳区
朝阳区
朝阳区
朝阳区
朝阳区
朝阳区
朝阳区
朝阳区
西城区
西城区
西城区
西城区
西城区
大兴区
朝阳区
朝阳区
朝阳区
朝阳区
昌平区
昌平区
昌平区
朝阳区
朝阳区
朝阳区
朝阳区
丰台区
丰台区
丰台区
丰台区
丰台区
丰台区
丰台区
丰台区
朝阳区
朝阳区
朝阳区
朝阳区
朝阳区
丰台区
丰台区
丰台区
丰台区
朝阳区
朝阳区
朝阳区
朝阳区
朝阳区
朝阳区
朝阳区
朝阳区
朝阳区
朝阳区
朝阳区
朝阳区
通州区
通州区
通州区
通州区
通州区
大兴区
大兴区
大兴区
丰台区
丰台区
丰台区
丰台区
丰台区
丰台区
丰台区
丰台区
丰台区
丰台区
朝阳区
朝阳区
朝阳区
朝阳区
朝阳区
朝阳区
朝阳区
朝阳区
朝阳区
朝阳区
通州区
通州区
通州区
通州区
朝阳区
朝阳区
朝阳区
朝阳区
朝阳区
朝阳区
朝阳区
朝阳区
朝阳区
朝阳区
朝阳区
朝阳区
朝阳区
朝阳区
朝阳区
朝阳区
朝阳区
朝阳区
朝阳区
大兴区
大兴区
丰台区
丰台区
丰台区
丰台区
东城区
丰台区
丰台区
丰台区
东城区
丰台区
丰台区
丰台区
丰台区
丰台区
东城区
丰台区
丰台区
丰台区
东城区
大兴区
大兴区
大兴区
大兴区
丰台区
丰台区
丰台区
东城区
丰台区
丰台区
丰台区
丰台区
丰台区
丰台区
丰台区
丰台区
东城区
丰台区
大兴区
大兴区
大兴区
大兴区
丰台区
丰台区
丰台区
丰台区
东城区
丰台区
丰台区
丰台区
丰台区
丰台区
东城区
东城区
东城区
东城区
东城区
怀柔区
朝阳区
朝阳区
朝阳区
朝阳区
朝阳区
朝阳区
朝阳区
朝阳区
海淀区
海淀区
朝阳区
朝阳区
朝阳区
朝阳区
朝阳区
朝阳区
朝阳区
朝阳区
朝阳区
朝阳区
朝阳区
朝阳区
朝阳区
朝阳区
朝阳区
朝阳区
朝阳区
朝阳区
朝阳区
朝阳区
朝阳区
朝阳区
朝阳区
房山区
房山区
房山区
房山区
朝阳区
朝阳区
朝阳区
朝阳区
朝阳区
朝阳区
海淀区
海淀区
丰台区
丰台区
丰台区
丰台区
丰台区
丰台区
东城区
东城区
东城区
朝阳区
朝阳区
朝阳区
朝阳区
朝阳区
朝阳区
朝阳区
朝阳区
朝阳区
朝阳区
朝阳区
朝阳区
朝阳区
朝阳区
朝阳区
朝阳区
朝阳区
朝阳区
朝阳区
朝阳区
朝阳区
朝阳区
朝阳区
朝阳区
朝阳区
朝阳区
朝阳区
丰台区
朝阳区
朝阳区
朝阳区
丰台区
朝阳区
朝阳区
丰台区
丰台区
丰台区
丰台区
朝阳区
朝阳区
朝阳区
朝阳区
丰台区
丰台区
丰台区
丰台区
通州区
通州区
通州区
朝阳区
朝阳区
大兴区
大兴区
朝阳区
朝阳区
朝阳区
朝阳区
海淀区
海淀区
海淀区
海淀区
东城区
东城区
东城区
东城区
朝阳区
朝阳区
昌平区
朝阳区
朝阳区
朝阳区
昌平区
朝阳区
朝阳区
朝阳区
朝阳区
朝阳区
朝阳区
朝阳区
朝阳区
朝阳区
朝阳区
朝阳区
朝阳区
朝阳区
朝阳区
朝阳区
朝阳区
西城区
海淀区
海淀区
海淀区
顺义区
顺义区
朝阳区
朝阳区
朝阳区
朝阳区
朝阳区
朝阳区
朝阳区
朝阳区
朝阳区
朝阳区
朝阳区
朝阳区
朝阳区
朝阳区
朝阳区
朝阳区
朝阳区
朝阳区
朝阳区
朝阳区
通州区
通州区
通州区
通州区
通州区
通州区
通州区
通州区
朝阳区
丰台区
朝阳区
通州区
通州区
朝阳区
朝阳区
朝阳区
海淀区
海淀区
丰台区
丰台区
丰台区
通州区
通州区
朝阳区
朝阳区
朝阳区
通州区
通州区
朝阳区
朝阳区
朝阳区
西城区
西城区
西城区
西城区
西城区
海淀区
海淀区
海淀区
海淀区
东城区
东城区
海淀区
海淀区
海淀区
海淀区
东城区
东城区
东城区
东城区
东城区
东城区
东城区
东城区
东城区
东城区
朝阳区
朝阳区
朝阳区
西城区
西城区
通州区
通州区
东城区
东城区
东城区
东城区
东城区
丰台区
东城区
东城区
东城区
东城区
朝阳区
通州区
通州区
东城区
东城区
东城区
东城区
东城区
东城区
东城区
东城区
丰台区
丰台区
丰台区
丰台区
丰台区
丰台区
丰台区
丰台区
海淀区
海淀区
海淀区
海淀区
海淀区
海淀区
海淀区
海淀区
大兴区
大兴区
海淀区
海淀区
海淀区
海淀区
海淀区
海淀区
海淀区
丰台区
丰台区
丰台区
丰台区
丰台区
丰台区
丰台区
丰台区
丰台区
丰台区
东城区
东城区
东城区
东城区
东城区
东城区
东城区
东城区
东城区
东城区
东城区
东城区
东城区
东城区
东城区
东城区
东城区
东城区
东城区
东城区
昌平区
昌平区
昌平区
昌平区
昌平区
海淀区
海淀区
海淀区
海淀区
海淀区
东城区
西城区
西城区
西城区
西城区
西城区
丰台区
丰台区
丰台区
丰台区
丰台区
海淀区
海淀区
海淀区
海淀区
海淀区
朝阳区
朝阳区
朝阳区
朝阳区
通州区
通州区
通州区
通州区
通州区
通州区
通州区
通州区
通州区
通州区
朝阳区
朝阳区
朝阳区
朝阳区
朝阳区
通州区
通州区
通州区
通州区
通州区
朝阳区
朝阳区
朝阳区
朝阳区
朝阳区
朝阳区
朝阳区
朝阳区
朝阳区
通州区
通州区
通州区
西城区
西城区
西城区
西城区
西城区
房山区
房山区
房山区
房山区
房山区
丰台区
丰台区
丰台区
丰台区
大兴区
大兴区
大兴区
大兴区
东城区
东城区
东城区
东城区
朝阳区
朝阳区
朝阳区
朝阳区
朝阳区
朝阳区
朝阳区
朝阳区
朝阳区
朝阳区
朝阳区
朝阳区
朝阳区
朝阳区
朝阳区
朝阳区
朝阳区
朝阳区
朝阳区
东城区
东城区
东城区
东城区
朝阳区
朝阳区
朝阳区
朝阳区
朝阳区
朝阳区
朝阳区
朝阳区
朝阳区
朝阳区
朝阳区
朝阳区
朝阳区
朝阳区
朝阳区
朝阳区
朝阳区
朝阳区
朝阳区
朝阳区
朝阳区
朝阳区
朝阳区
朝阳区
朝阳区
朝阳区
丰台区
丰台区
丰台区
丰台区
丰台区
朝阳区
东城区
朝阳区
朝阳区
丰台区
丰台区
丰台区
丰台区
丰台区
朝阳区
东城区
朝阳区
朝阳区
朝阳区
朝阳区
东城区
朝阳区
朝阳区
朝阳区
朝阳区
朝阳区
朝阳区
朝阳区
朝阳区
朝阳区
朝阳区
朝阳区
朝阳区
朝阳区
朝阳区
朝阳区
朝阳区
朝阳区
朝阳区
朝阳区
朝阳区
朝阳区
朝阳区
朝阳区
朝阳区
朝阳区
朝阳区
朝阳区
朝阳区
朝阳区
朝阳区
朝阳区
朝阳区
朝阳区
朝阳区
朝阳区
朝阳区
朝阳区
朝阳区
朝阳区
朝阳区
朝阳区
大兴区
大兴区
大兴区
大兴区
房山区
房山区
丰台区
房山区
房山区
大兴区
大兴区
大兴区
大兴区
东城区
东城区
东城区
东城区
东城区
东城区
东城区
丰台区
丰台区
丰台区
大兴区
丰台区
昌平区
昌平区
昌平区
昌平区
昌平区
朝阳区
朝阳区
朝阳区
朝阳区
朝阳区
朝阳区
朝阳区
朝阳区
朝阳区
朝阳区
朝阳区
朝阳区
朝阳区
朝阳区
朝阳区
通州区
通州区
通州区
通州区
通州区
朝阳区
朝阳区
朝阳区
朝阳区
朝阳区
海淀区
海淀区
海淀区
海淀区
海淀区
朝阳区
朝阳区
海淀区
海淀区
海淀区
朝阳区
朝阳区
朝阳区
朝阳区
朝阳区
朝阳区
朝阳区
朝阳区
朝阳区
朝阳区
朝阳区
朝阳区
朝阳区
朝阳区
朝阳区
西城区
西城区
西城区
西城区
西城区
朝阳区
朝阳区
朝阳区
朝阳区
朝阳区
朝阳区
朝阳区
朝阳区
朝阳区
朝阳区
朝阳区
朝阳区
朝阳区
朝阳区
朝阳区
朝阳区
朝阳区
朝阳区
朝阳区
东城区
朝阳区
朝阳区
朝阳区
朝阳区
朝阳区
朝阳区
朝阳区
朝阳区
朝阳区
朝阳区
朝阳区
朝阳区
朝阳区
朝阳区
朝阳区
朝阳区
朝阳区
朝阳区
朝阳区
朝阳区
朝阳区
朝阳区
朝阳区
朝阳区
朝阳区
朝阳区
朝阳区
朝阳区
朝阳区
朝阳区
丰台区
丰台区
丰台区
丰台区
丰台区
丰台区
丰台区
丰台区
丰台区
丰台区
东城区
海淀区
东城区
东城区
朝阳区
朝阳区
朝阳区
朝阳区
朝阳区
朝阳区
朝阳区
丰台区
丰台区
丰台区
丰台区
丰台区
朝阳区
朝阳区
朝阳区
朝阳区
朝阳区
朝阳区
朝阳区
朝阳区
东城区
东城区
朝阳区
朝阳区
朝阳区
朝阳区
丰台区
丰台区
丰台区
丰台区
丰台区
朝阳区
海淀区
海淀区
海淀区
朝阳区
朝阳区
朝阳区
朝阳区
朝阳区
朝阳区
朝阳区
朝阳区
朝阳区
朝阳区
朝阳区
朝阳区
朝阳区
朝阳区
房山区
房山区
房山区
朝阳区
朝阳区
朝阳区
朝阳区
朝阳区
朝阳区
西城区
西城区
西城区
西城区
西城区
西城区
西城区
西城区
西城区
西城区
西城区
西城区
西城区
西城区
西城区
西城区
西城区
西城区
西城区
通州区
顺义区
顺义区
顺义区
顺义区
西城区
西城区
西城区
西城区
朝阳区
朝阳区
朝阳区
朝阳区
朝阳区
朝阳区
朝阳区
朝阳区
朝阳区
朝阳区
大兴区
海淀区
海淀区
海淀区
朝阳区
朝阳区
朝阳区
朝阳区
东城区
西城区
朝阳区
朝阳区
朝阳区
朝阳区
丰台区
丰台区
丰台区
朝阳区
朝阳区
朝阳区
朝阳区
丰台区
丰台区
丰台区
丰台区
丰台区
丰台区
丰台区
丰台区
丰台区
丰台区
丰台区
丰台区
丰台区
丰台区
丰台区
丰台区
东城区
丰台区
丰台区
丰台区
东城区
丰台区
丰台区
朝阳区
东城区
朝阳区
东城区
东城区
朝阳区
朝阳区
朝阳区
朝阳区
朝阳区
朝阳区
朝阳区
朝阳区
朝阳区
朝阳区
朝阳区
丰台区
丰台区
丰台区
丰台区
丰台区
东城区
东城区
东城区
东城区
东城区
朝阳区
朝阳区
朝阳区
朝阳区
朝阳区
朝阳区
朝阳区
朝阳区
朝阳区
朝阳区
朝阳区
朝阳区
海淀区
海淀区
海淀区
大兴区
丰台区
丰台区
丰台区
丰台区
朝阳区
朝阳区
朝阳区
朝阳区
朝阳区
朝阳区
朝阳区
朝阳区
朝阳区
朝阳区
丰台区
丰台区
丰台区
丰台区
丰台区
丰台区
丰台区
丰台区
丰台区
丰台区
朝阳区
朝阳区
朝阳区
朝阳区
朝阳区
朝阳区
朝阳区
朝阳区
朝阳区
丰台区
丰台区
丰台区
丰台区
丰台区
丰台区
丰台区
丰台区
丰台区
丰台区
朝阳区
海淀区
海淀区
朝阳区
海淀区
海淀区
朝阳区
朝阳区
朝阳区
东城区
东城区
东城区
东城区
东城区
朝阳区
朝阳区
朝阳区
朝阳区
朝阳区
朝阳区
西城区
西城区
西城区
朝阳区
朝阳区
西城区
西城区
西城区
西城区
西城区
西城区
西城区
西城区
通州区
通州区
通州区
通州区
西城区
西城区
西城区
西城区
西城区
西城区
西城区
西城区
西城区
西城区
丰台区
丰台区
丰台区
丰台区
朝阳区
朝阳区
朝阳区
朝阳区
朝阳区
朝阳区
朝阳区
朝阳区
朝阳区
朝阳区
朝阳区
朝阳区
朝阳区
朝阳区
朝阳区
东城区
朝阳区
东城区
朝阳区
朝阳区
朝阳区
朝阳区
朝阳区
朝阳区
朝阳区
朝阳区
朝阳区
朝阳区
朝阳区
朝阳区
海淀区
朝阳区
朝阳区
朝阳区
朝阳区
东城区
朝阳区
东城区
东城区
东城区
东城区
东城区
东城区
东城区
朝阳区
朝阳区
朝阳区
朝阳区
朝阳区
朝阳区
朝阳区
朝阳区
朝阳区
朝阳区
朝阳区
朝阳区
朝阳区
朝阳区
海淀区
海淀区
海淀区
东城区
朝阳区
朝阳区
海淀区
海淀区
海淀区
海淀区
朝阳区
朝阳区
朝阳区
朝阳区
朝阳区
朝阳区
朝阳区
朝阳区
朝阳区
朝阳区
朝阳区
朝阳区
西城区
西城区
西城区
西城区
朝阳区
朝阳区
朝阳区
朝阳区
朝阳区
朝阳区
朝阳区
东城区
东城区
丰台区
丰台区
丰台区
丰台区
丰台区
丰台区
丰台区
丰台区
朝阳区
朝阳区
朝阳区
朝阳区
朝阳区
朝阳区
朝阳区
朝阳区
丰台区
丰台区
丰台区
丰台区
朝阳区
海淀区
海淀区
朝阳区
朝阳区
朝阳区
朝阳区
朝阳区
朝阳区
朝阳区
朝阳区
朝阳区
朝阳区
朝阳区
大兴区
大兴区
海淀区
海淀区
海淀区
海淀区
海淀区
海淀区
海淀区
海淀区
朝阳区
朝阳区
朝阳区
朝阳区
朝阳区
朝阳区
朝阳区
朝阳区
朝阳区
昌平区
昌平区
昌平区
昌平区
东城区
东城区
东城区
东城区
东城区
东城区
朝阳区
朝阳区
朝阳区
朝阳区
朝阳区
朝阳区
朝阳区
朝阳区
朝阳区
通州区
朝阳区
朝阳区
朝阳区
朝阳区
东城区
东城区
东城区
东城区
东城区
朝阳区
朝阳区
朝阳区
朝阳区
海淀区
海淀区
海淀区
海淀区
东城区
东城区
东城区
东城区
朝阳区
东城区
东城区
朝阳区
东城区
东城区
东城区
朝阳区
东城区
东城区
东城区
东城区
东城区
东城区
朝阳区
朝阳区
朝阳区
朝阳区
朝阳区
大兴区
大兴区
大兴区
大兴区
大兴区
大兴区
大兴区
大兴区
通州区
通州区
通州区
通州区
通州区
朝阳区
朝阳区
朝阳区
朝阳区
朝阳区
朝阳区
朝阳区
朝阳区
朝阳区
朝阳区
朝阳区
朝阳区
朝阳区
东城区
东城区
东城区
东城区
东城区
东城区
东城区
东城区
东城区
朝阳区
朝阳区
朝阳区
朝阳区
朝阳区
朝阳区
朝阳区
朝阳区
朝阳区
海淀区
海淀区
海淀区
海淀区
东城区
东城区
东城区
东城区
丰台区
丰台区
丰台区
丰台区
丰台区
朝阳区
朝阳区
朝阳区
朝阳区
朝阳区
西城区
西城区
西城区
西城区
西城区
朝阳区
朝阳区
朝阳区
朝阳区
朝阳区
朝阳区
朝阳区
朝阳区
朝阳区
东城区
东城区
东城区
东城区
东城区
东城区
东城区
东城区
东城区
东城区
东城区
东城区
东城区
东城区
东城区
东城区
东城区
东城区
朝阳区
朝阳区
朝阳区
海淀区
海淀区
海淀区
海淀区
朝阳区
朝阳区
朝阳区
朝阳区
朝阳区
东城区
东城区
东城区
东城区
丰台区
丰台区
丰台区
丰台区
丰台区
丰台区
丰台区
丰台区
朝阳区
朝阳区
朝阳区
朝阳区
海淀区
海淀区
海淀区
海淀区
海淀区
海淀区
海淀区
海淀区
朝阳区
朝阳区
朝阳区
东城区
东城区
东城区
昌平区
昌平区
朝阳区
昌平区
昌平区
海淀区
海淀区
海淀区
海淀区
海淀区
朝阳区
朝阳区
朝阳区
东城区
东城区
东城区
东城区
丰台区
东城区
东城区
东城区
东城区
东城区
东城区
朝阳区
朝阳区
朝阳区
朝阳区
朝阳区
朝阳区
朝阳区
朝阳区
朝阳区
朝阳区
朝阳区
朝阳区
朝阳区
朝阳区
朝阳区
朝阳区
朝阳区
朝阳区
东城区
东城区
朝阳区
东城区
朝阳区
朝阳区
朝阳区
朝阳区
朝阳区
朝阳区
朝阳区
朝阳区
朝阳区
朝阳区
朝阳区
朝阳区
朝阳区
朝阳区
朝阳区
朝阳区
朝阳区
朝阳区
朝阳区
大兴区
大兴区
大兴区
朝阳区
朝阳区
朝阳区
朝阳区
朝阳区
朝阳区
朝阳区
朝阳区
大兴区
大兴区
大兴区
大兴区
大兴区
朝阳区
朝阳区
朝阳区
朝阳区
朝阳区
朝阳区
朝阳区
朝阳区
丰台区
丰台区
丰台区
朝阳区
朝阳区
朝阳区
朝阳区
朝阳区
朝阳区
丰台区
丰台区
丰台区
丰台区
丰台区
朝阳区
朝阳区
丰台区
丰台区
丰台区
丰台区
丰台区
东城区
东城区
东城区
东城区
东城区
大兴区
大兴区
大兴区
朝阳区
朝阳区
通州区
通州区
通州区
通州区
朝阳区
朝阳区
朝阳区
朝阳区
朝阳区
海淀区
海淀区
丰台区
丰台区
丰台区
丰台区
丰台区
丰台区
朝阳区
朝阳区
朝阳区
朝阳区
朝阳区
朝阳区
朝阳区
朝阳区
东城区
朝阳区
东城区
丰台区
丰台区
丰台区
丰台区
丰台区
丰台区
丰台区
丰台区
丰台区
东城区
东城区
东城区
东城区
东城区
东城区
东城区
东城区
东城区
东城区
东城区
东城区
东城区
东城区
东城区
东城区
朝阳区
朝阳区
朝阳区
朝阳区
朝阳区
朝阳区
朝阳区
朝阳区
朝阳区
朝阳区
朝阳区
朝阳区
朝阳区
朝阳区
朝阳区
朝阳区
朝阳区
朝阳区
朝阳区
朝阳区
朝阳区
朝阳区
朝阳区
朝阳区
朝阳区
通州区
通州区
通州区
通州区
通州区
东城区
东城区
朝阳区
朝阳区
朝阳区
朝阳区
丰台区
丰台区
丰台区
丰台区
朝阳区
朝阳区
朝阳区
朝阳区
朝阳区
朝阳区
朝阳区
朝阳区
朝阳区
朝阳区
朝阳区
朝阳区
朝阳区
通州区
通州区
通州区
通州区
大兴区
大兴区
大兴区
朝阳区
朝阳区
朝阳区
朝阳区
东城区
东城区
东城区
东城区
东城区
东城区
东城区
东城区
朝阳区
朝阳区
朝阳区
朝阳区
朝阳区
丰台区
丰台区
丰台区
丰台区
朝阳区
朝阳区
朝阳区
朝阳区
东城区
东城区
东城区
东城区
朝阳区
东城区
东城区
东城区
通州区
朝阳区
朝阳区
朝阳区
朝阳区
朝阳区
朝阳区
朝阳区
朝阳区
朝阳区
朝阳区
朝阳区
朝阳区
朝阳区
朝阳区
朝阳区
朝阳区
朝阳区
朝阳区
朝阳区
丰台区
丰台区
丰台区
丰台区
丰台区
朝阳区
朝阳区
朝阳区
朝阳区
朝阳区
朝阳区
朝阳区
朝阳区
朝阳区
朝阳区
朝阳区
朝阳区
朝阳区
朝阳区
朝阳区
朝阳区
朝阳区
朝阳区
朝阳区
朝阳区
朝阳区
朝阳区
朝阳区
西城区
西城区
西城区
海淀区
西城区
西城区
西城区
海淀区
房山区
房山区
房山区
房山区
大兴区
大兴区
大兴区
朝阳区
朝阳区
朝阳区
朝阳区
朝阳区
朝阳区
朝阳区
朝阳区
朝阳区
朝阳区
通州区
通州区
通州区
通州区
通州区
朝阳区
朝阳区
朝阳区
朝阳区
朝阳区
海淀区
海淀区
海淀区
海淀区
朝阳区
朝阳区
朝阳区
朝阳区
朝阳区
朝阳区
朝阳区
朝阳区
朝阳区
朝阳区
朝阳区
朝阳区
朝阳区
朝阳区
朝阳区
朝阳区
朝阳区
朝阳区
朝阳区
朝阳区
丰台区
丰台区
丰台区
丰台区
朝阳区
朝阳区
朝阳区
房山区
房山区
朝阳区
朝阳区
朝阳区
朝阳区
通州区
通州区
通州区
通州区
朝阳区
朝阳区
朝阳区
丰台区
丰台区
丰台区
丰台区
丰台区
房山区
房山区
房山区
房山区
海淀区
海淀区
海淀区
海淀区
海淀区
丰台区
丰台区
丰台区
丰台区
丰台区
石景山区
石景山区
石景山区
石景山区
大兴区
大兴区
大兴区
大兴区
大兴区
大兴区
大兴区
大兴区
大兴区
海淀区
海淀区
海淀区
朝阳区
朝阳区
朝阳区
朝阳区
朝阳区
朝阳区
朝阳区
丰台区
丰台区
丰台区
丰台区
丰台区
西城区
西城区
房山区
房山区
房山区
大兴区
大兴区
大兴区
大兴区
大兴区
丰台区
丰台区
丰台区
丰台区
丰台区
海淀区
海淀区
海淀区
海淀区
海淀区
海淀区
海淀区
海淀区
海淀区
通州区
通州区
通州区
通州区
通州区
海淀区
海淀区
海淀区
海淀区
海淀区
大兴区
房山区
大兴区
大兴区
大兴区
大兴区
大兴区
大兴区
朝阳区
朝阳区
朝阳区
朝阳区
朝阳区
朝阳区
朝阳区
海淀区
海淀区
海淀区
海淀区
大兴区
大兴区
大兴区
大兴区
房山区
房山区
房山区
房山区
房山区
海淀区
海淀区
海淀区
海淀区
海淀区
海淀区
海淀区
海淀区
海淀区
海淀区
海淀区
海淀区
海淀区
海淀区
朝阳区
朝阳区
朝阳区
朝阳区
朝阳区
朝阳区
朝阳区
朝阳区
朝阳区
朝阳区
朝阳区
朝阳区
朝阳区
朝阳区
房山区
房山区
房山区
房山区
房山区
朝阳区
朝阳区
朝阳区
朝阳区
朝阳区
海淀区
海淀区
海淀区
丰台区
丰台区
丰台区
丰台区
房山区
丰台区
丰台区
丰台区
丰台区
丰台区
通州区
通州区
大兴区
通州区
大兴区
东城区
东城区
东城区
东城区
东城区
东城区
东城区
东城区
东城区
东城区
朝阳区
朝阳区
朝阳区
朝阳区
朝阳区
丰台区
丰台区
丰台区
丰台区
丰台区
石景山区
石景山区
石景山区
石景山区
门头沟区
海淀区
海淀区
海淀区
海淀区
海淀区
海淀区
海淀区
海淀区
朝阳区
朝阳区
朝阳区
朝阳区
朝阳区
丰台区
丰台区
丰台区
丰台区
丰台区
丰台区
丰台区
丰台区
丰台区
大兴区
大兴区
大兴区
大兴区
朝阳区
朝阳区
朝阳区
朝阳区
朝阳区
朝阳区
朝阳区
朝阳区
朝阳区
朝阳区
朝阳区
朝阳区
朝阳区
朝阳区
朝阳区
海淀区
海淀区
海淀区
朝阳区
朝阳区
朝阳区
朝阳区
朝阳区
朝阳区
朝阳区
朝阳区
朝阳区
朝阳区
朝阳区
朝阳区
朝阳区
朝阳区
朝阳区
朝阳区
朝阳区
朝阳区
朝阳区
朝阳区
朝阳区
海淀区
海淀区
海淀区
东城区
东城区
东城区
东城区
丰台区
丰台区
丰台区
丰台区
丰台区
朝阳区
朝阳区
朝阳区
朝阳区
朝阳区
朝阳区
朝阳区
朝阳区
朝阳区
朝阳区
朝阳区
朝阳区
朝阳区
朝阳区
朝阳区
丰台区
丰台区
丰台区
丰台区
丰台区
通州区
通州区
通州区
通州区
朝阳区
朝阳区
朝阳区
朝阳区
朝阳区
朝阳区
朝阳区
朝阳区
朝阳区
朝阳区
朝阳区
朝阳区
朝阳区
朝阳区
朝阳区
朝阳区
房山区
房山区
房山区
房山区
房山区
东城区
东城区
东城区
朝阳区
朝阳区
朝阳区
密云县
东城区
东城区
东城区
朝阳区
朝阳区
朝阳区
朝阳区
丰台区
丰台区
丰台区
丰台区
通州区
通州区
通州区
通州区
朝阳区
朝阳区
朝阳区
朝阳区
朝阳区
朝阳区
朝阳区
朝阳区
通州区
通州区
通州区
通州区
朝阳区
朝阳区
朝阳区
朝阳区
丰台区
丰台区
丰台区
丰台区
西城区
东城区
东城区
东城区
东城区
东城区
西城区
东城区
东城区
东城区
丰台区
丰台区
丰台区
丰台区
丰台区
石景山区
石景山区
石景山区
石景山区
朝阳区
朝阳区
朝阳区
石景山区
海淀区
丰台区
海淀区
丰台区
海淀区
海淀区
海淀区
海淀区
朝阳区
朝阳区
朝阳区
朝阳区
朝阳区
朝阳区
朝阳区
东城区
东城区
东城区
东城区
东城区
朝阳区
朝阳区
朝阳区
朝阳区
朝阳区
朝阳区
海淀区
海淀区
海淀区
海淀区
海淀区
朝阳区
朝阳区
朝阳区
朝阳区
朝阳区
朝阳区
朝阳区
朝阳区
朝阳区
朝阳区
朝阳区
朝阳区
朝阳区
朝阳区
丰台区
丰台区
丰台区
丰台区
朝阳区
朝阳区
朝阳区
朝阳区
朝阳区
朝阳区
朝阳区
朝阳区
大兴区
丰台区
大兴区
海淀区
海淀区
海淀区
丰台区
丰台区
丰台区
丰台区
丰台区
丰台区
丰台区
丰台区
丰台区
房山区
房山区
房山区
房山区
房山区
朝阳区
朝阳区
朝阳区
朝阳区
朝阳区
大兴区
大兴区
大兴区
朝阳区
朝阳区
朝阳区
朝阳区
朝阳区
朝阳区
朝阳区
朝阳区
朝阳区
朝阳区
朝阳区
朝阳区
朝阳区
朝阳区
丰台区
西城区
西城区
西城区
朝阳区
朝阳区
朝阳区
朝阳区
朝阳区
海淀区
海淀区
丰台区
朝阳区
朝阳区
朝阳区
朝阳区
朝阳区
朝阳区
朝阳区
朝阳区
朝阳区
朝阳区
大兴区
大兴区
大兴区
大兴区
丰台区
丰台区
丰台区
丰台区
丰台区
通州区
通州区
通州区
通州区
通州区
朝阳区
朝阳区
朝阳区
朝阳区
朝阳区
朝阳区
朝阳区
丰台区
丰台区
丰台区
朝阳区
朝阳区
朝阳区
朝阳区
朝阳区
朝阳区
朝阳区
朝阳区
朝阳区
朝阳区
丰台区
丰台区
丰台区
丰台区
丰台区
海淀区
海淀区
海淀区
海淀区
朝阳区
朝阳区
朝阳区
朝阳区
朝阳区
朝阳区
丰台区
丰台区
丰台区
丰台区
朝阳区
朝阳区
朝阳区
朝阳区
朝阳区
丰台区
丰台区
丰台区
丰台区
丰台区
丰台区
丰台区
丰台区
丰台区
丰台区
丰台区
丰台区
丰台区
丰台区
丰台区
丰台区
丰台区
丰台区
丰台区
丰台区
丰台区
丰台区
东城区
丰台区
海淀区
海淀区
海淀区
海淀区
海淀区
朝阳区
朝阳区
朝阳区
朝阳区
朝阳区
丰台区
丰台区
丰台区
丰台区
丰台区
丰台区
丰台区
朝阳区
朝阳区
朝阳区
朝阳区
朝阳区
海淀区
海淀区
海淀区
海淀区
海淀区
朝阳区
朝阳区
朝阳区
海淀区
海淀区
海淀区
海淀区
海淀区
西城区
西城区
朝阳区
朝阳区
朝阳区
朝阳区
朝阳区
朝阳区
朝阳区
朝阳区
朝阳区
朝阳区
朝阳区
朝阳区
朝阳区
朝阳区
朝阳区
东城区
东城区
东城区
东城区
海淀区
海淀区
海淀区
朝阳区
朝阳区
朝阳区
东城区
东城区
海淀区
海淀区
海淀区
海淀区
海淀区
海淀区
房山区
房山区
房山区
房山区
朝阳区
朝阳区
朝阳区
朝阳区
朝阳区
朝阳区
朝阳区
朝阳区
朝阳区
朝阳区
大兴区
大兴区
大兴区
大兴区
大兴区
朝阳区
朝阳区
朝阳区
朝阳区
朝阳区
东城区
东城区
东城区
东城区
东城区
海淀区
海淀区
海淀区
海淀区
海淀区
朝阳区
朝阳区
东城区
朝阳区
朝阳区
朝阳区
朝阳区
朝阳区
朝阳区
朝阳区
朝阳区
朝阳区
朝阳区
丰台区
丰台区
丰台区
丰台区
海淀区
海淀区
海淀区
海淀区
海淀区
东城区
东城区
东城区
东城区
东城区
朝阳区
朝阳区
朝阳区
朝阳区
海淀区
海淀区
海淀区
朝阳区
朝阳区
朝阳区
朝阳区
丰台区
丰台区
丰台区
丰台区
丰台区
丰台区
丰台区
朝阳区
朝阳区
朝阳区
海淀区
海淀区
海淀区
海淀区
海淀区
朝阳区
朝阳区
朝阳区
朝阳区
朝阳区
朝阳区
朝阳区
朝阳区
朝阳区
朝阳区
房山区
房山区
房山区
房山区
朝阳区
朝阳区
朝阳区
朝阳区
朝阳区
朝阳区
朝阳区
朝阳区
通州区
通州区
通州区
朝阳区
朝阳区
朝阳区
朝阳区
朝阳区
朝阳区
朝阳区
朝阳区
朝阳区
朝阳区
丰台区
丰台区
丰台区
丰台区
丰台区
朝阳区
朝阳区
朝阳区
通州区
通州区
通州区
通州区
门头沟区
石景山区
石景山区
石景山区
海淀区
海淀区
朝阳区
朝阳区
朝阳区
朝阳区
通州区
通州区
通州区
通州区
通州区
朝阳区
朝阳区
朝阳区
朝阳区
朝阳区
朝阳区
丰台区
丰台区
丰台区
东城区
东城区
东城区
东城区
东城区
东城区
东城区
东城区
朝阳区
朝阳区
朝阳区
海淀区
海淀区
海淀区
海淀区
海淀区
海淀区
海淀区
朝阳区
朝阳区
朝阳区
朝阳区
朝阳区
朝阳区
朝阳区
朝阳区
房山区
房山区
房山区
房山区
房山区
朝阳区
朝阳区
朝阳区
朝阳区
通州区
通州区
通州区
通州区
通州区
房山区
房山区
房山区
房山区
朝阳区
朝阳区
朝阳区
朝阳区
丰台区
丰台区
丰台区
丰台区
丰台区
朝阳区
朝阳区
朝阳区
东城区
东城区
东城区
东城区
东城区
朝阳区
朝阳区
朝阳区
朝阳区
朝阳区
朝阳区
朝阳区
朝阳区
朝阳区
大兴区
大兴区
大兴区
大兴区
丰台区
丰台区
丰台区
朝阳区
朝阳区
朝阳区
朝阳区
通州区
通州区
通州区
通州区
通州区
通州区
通州区
通州区
通州区
通州区
东城区
东城区
东城区
东城区
东城区
朝阳区
朝阳区
朝阳区
朝阳区
朝阳区
朝阳区
朝阳区
朝阳区
东城区
东城区
东城区
朝阳区
朝阳区
朝阳区
朝阳区
朝阳区
朝阳区
朝阳区
通州区
通州区
通州区
通州区
通州区
房山区
房山区
房山区
房山区
房山区
朝阳区
海淀区
海淀区
海淀区
海淀区
海淀区
海淀区
海淀区
海淀区
海淀区
海淀区
海淀区
海淀区
东城区
朝阳区
朝阳区
朝阳区
朝阳区
海淀区
昌平区
昌平区
海淀区
昌平区
昌平区
东城区
东城区
东城区
东城区
东城区
东城区
东城区
东城区
东城区
朝阳区
朝阳区
朝阳区
朝阳区
朝阳区
朝阳区
朝阳区
朝阳区
朝阳区
朝阳区
朝阳区
朝阳区
朝阳区
朝阳区
朝阳区
朝阳区
朝阳区
朝阳区
通州区
通州区
通州区
通州区
通州区
通州区
通州区
通州区
通州区
通州区
海淀区
海淀区
海淀区
海淀区
海淀区
海淀区
海淀区
海淀区
海淀区
海淀区
丰台区
丰台区
丰台区
丰台区
丰台区
朝阳区
朝阳区
朝阳区
朝阳区
朝阳区
朝阳区
朝阳区
朝阳区
朝阳区
朝阳区
朝阳区
朝阳区
朝阳区
朝阳区
朝阳区
朝阳区
朝阳区
朝阳区
朝阳区
朝阳区
朝阳区
朝阳区
朝阳区
朝阳区
朝阳区
朝阳区
石景山区
石景山区
石景山区
石景山区
石景山区
丰台区
丰台区
丰台区
朝阳区
朝阳区
朝阳区
朝阳区
朝阳区
朝阳区
朝阳区
朝阳区
朝阳区
朝阳区
朝阳区
朝阳区
朝阳区
西城区
大兴区
大兴区
大兴区
朝阳区
东城区
朝阳区
丰台区
丰台区
丰台区
丰台区
丰台区
朝阳区
朝阳区
朝阳区
大兴区
大兴区
大兴区
大兴区
丰台区
丰台区
丰台区
丰台区
丰台区
朝阳区
朝阳区
朝阳区
朝阳区
朝阳区
朝阳区
朝阳区
朝阳区
丰台区
丰台区
丰台区
丰台区
丰台区
朝阳区
朝阳区
朝阳区
朝阳区
朝阳区
朝阳区
朝阳区
朝阳区
朝阳区
朝阳区
朝阳区
朝阳区
朝阳区
朝阳区
朝阳区
朝阳区
朝阳区
房山区
房山区
东城区
东城区
东城区
东城区
东城区
朝阳区
朝阳区
朝阳区
大兴区
丰台区
丰台区
丰台区
丰台区
朝阳区
朝阳区
朝阳区
朝阳区
朝阳区
海淀区
海淀区
海淀区
海淀区
昌平区
昌平区
朝阳区
朝阳区
朝阳区
朝阳区
丰台区
丰台区
丰台区
丰台区
朝阳区
朝阳区
朝阳区
朝阳区
朝阳区
石景山区
石景山区
石景山区
石景山区
石景山区
通州区
通州区
通州区
通州区
通州区
大兴区
大兴区
大兴区
大兴区
朝阳区
朝阳区
朝阳区
朝阳区
朝阳区
朝阳区
朝阳区
朝阳区
朝阳区
朝阳区
朝阳区
朝阳区
朝阳区
朝阳区
朝阳区
朝阳区
朝阳区
朝阳区
朝阳区
朝阳区
朝阳区
朝阳区
朝阳区
朝阳区
朝阳区
朝阳区
朝阳区
丰台区
丰台区
丰台区
丰台区
丰台区
通州区
通州区
通州区
海淀区
海淀区
海淀区
丰台区
丰台区
大兴区
大兴区
大兴区
大兴区
大兴区
朝阳区
朝阳区
朝阳区
朝阳区
朝阳区
朝阳区
朝阳区
朝阳区
朝阳区
朝阳区
海淀区
海淀区
海淀区
海淀区
朝阳区
朝阳区
朝阳区
朝阳区
朝阳区
朝阳区
朝阳区
朝阳区
朝阳区
石景山区
朝阳区
朝阳区
朝阳区
朝阳区
丰台区
丰台区
丰台区
丰台区
大兴区
大兴区
通州区
通州区
通州区
通州区
朝阳区
朝阳区
朝阳区
朝阳区
朝阳区
朝阳区
朝阳区
朝阳区
朝阳区
东城区
朝阳区
东城区
朝阳区
丰台区
丰台区
丰台区
丰台区
朝阳区
朝阳区
朝阳区
朝阳区
朝阳区
朝阳区
朝阳区
朝阳区
丰台区
丰台区
丰台区
海淀区
海淀区
海淀区
海淀区
通州区
通州区
通州区
通州区
通州区
东城区
东城区
东城区
东城区
丰台区
丰台区
丰台区
丰台区
朝阳区
朝阳区
朝阳区
朝阳区
朝阳区
朝阳区
朝阳区
朝阳区
朝阳区
朝阳区
朝阳区
朝阳区
朝阳区
海淀区
石景山区
石景山区
通州区
通州区
通州区
通州区
通州区
通州区
通州区
通州区
丰台区
大兴区
大兴区
大兴区
大兴区
大兴区
朝阳区
朝阳区
朝阳区
朝阳区
朝阳区
朝阳区
朝阳区
朝阳区
朝阳区
朝阳区
朝阳区
朝阳区
朝阳区
朝阳区
朝阳区
朝阳区
朝阳区
朝阳区
朝阳区
朝阳区
朝阳区
朝阳区
西城区
西城区
丰台区
东城区
丰台区
房山区
房山区
房山区
房山区
房山区
朝阳区
朝阳区
西城区
西城区
西城区
通州区
通州区
通州区
通州区
朝阳区
朝阳区
朝阳区
朝阳区
朝阳区
西城区
大兴区
大兴区
大兴区
大兴区
朝阳区
朝阳区
朝阳区
朝阳区
朝阳区
朝阳区
朝阳区
朝阳区
朝阳区
朝阳区
朝阳区
朝阳区
朝阳区
朝阳区
房山区
房山区
房山区
丰台区
丰台区
丰台区
丰台区
丰台区
丰台区
丰台区
丰台区
丰台区
朝阳区
朝阳区
朝阳区
朝阳区
朝阳区
大兴区
丰台区
大兴区
大兴区
大兴区
西城区
西城区
西城区
西城区
朝阳区
朝阳区
朝阳区
朝阳区
朝阳区
朝阳区
朝阳区
朝阳区
朝阳区
朝阳区
朝阳区
朝阳区
朝阳区
朝阳区
朝阳区
朝阳区
朝阳区
朝阳区
朝阳区
朝阳区
朝阳区
朝阳区
东城区
东城区
东城区
东城区
东城区
东城区
东城区
东城区
东城区
海淀区
西城区
西城区
西城区
西城区
房山区
大兴区
大兴区
朝阳区
朝阳区
朝阳区
朝阳区
通州区
通州区
大兴区
通州区
丰台区
丰台区
丰台区
丰台区
丰台区
朝阳区
朝阳区
朝阳区
朝阳区
朝阳区
朝阳区
朝阳区
朝阳区
朝阳区
朝阳区
朝阳区
朝阳区
朝阳区
海淀区
海淀区
海淀区
海淀区
海淀区
丰台区
丰台区
丰台区
丰台区
丰台区
丰台区
丰台区
丰台区
丰台区
朝阳区
朝阳区
朝阳区
朝阳区
朝阳区
朝阳区
朝阳区
朝阳区
东城区
朝阳区
海淀区
海淀区
西城区
西城区
朝阳区
朝阳区
朝阳区
朝阳区
朝阳区
朝阳区
朝阳区
朝阳区
朝阳区
朝阳区
海淀区
海淀区
海淀区
海淀区
朝阳区
朝阳区
朝阳区
朝阳区
朝阳区
朝阳区
朝阳区
朝阳区
朝阳区
朝阳区
海淀区
海淀区
海淀区
海淀区
房山区
房山区
房山区
房山区
房山区
朝阳区
朝阳区
朝阳区
朝阳区
朝阳区
朝阳区
朝阳区
朝阳区
大兴区
大兴区
大兴区
大兴区
大兴区
大兴区
大兴区
大兴区
大兴区
大兴区
朝阳区
朝阳区
朝阳区
朝阳区
朝阳区
朝阳区
朝阳区
朝阳区
朝阳区
朝阳区
朝阳区
朝阳区
朝阳区
朝阳区
朝阳区
朝阳区
海淀区
海淀区
海淀区
海淀区
海淀区
通州区
通州区
通州区
通州区
通州区
朝阳区
朝阳区
朝阳区
朝阳区
朝阳区
朝阳区
朝阳区
朝阳区
大兴区
大兴区
朝阳区
房山区
房山区
房山区
房山区
房山区
通州区
通州区
通州区
丰台区
丰台区
丰台区
朝阳区
朝阳区
朝阳区
朝阳区
朝阳区
海淀区
海淀区
海淀区
海淀区
海淀区
朝阳区
朝阳区
朝阳区
朝阳区
朝阳区
朝阳区
朝阳区
朝阳区
朝阳区
朝阳区
朝阳区
朝阳区
朝阳区
朝阳区
朝阳区
朝阳区
朝阳区
朝阳区
东城区
丰台区
丰台区
朝阳区
朝阳区
朝阳区
朝阳区
丰台区
丰台区
丰台区
丰台区
丰台区
朝阳区
朝阳区
朝阳区
西城区
西城区
朝阳区
朝阳区
西城区
海淀区
昌平区
昌平区
昌平区
昌平区
海淀区
海淀区
海淀区
海淀区
昌平区
昌平区
昌平区
昌平区
昌平区
昌平区
昌平区
昌平区
昌平区
海淀区
海淀区
海淀区
朝阳区
朝阳区
朝阳区
朝阳区
朝阳区
朝阳区
朝阳区
朝阳区
朝阳区
房山区
房山区
房山区
房山区
丰台区
丰台区
丰台区
丰台区
丰台区
丰台区
丰台区
丰台区
朝阳区
朝阳区
朝阳区
朝阳区
丰台区
丰台区
丰台区
丰台区
朝阳区
丰台区
丰台区
丰台区
丰台区
朝阳区
东城区
朝阳区
朝阳区
朝阳区
朝阳区
通州区
通州区
通州区
丰台区
通州区
通州区
通州区
朝阳区
朝阳区
丰台区
丰台区
丰台区
丰台区
丰台区
朝阳区
朝阳区
朝阳区
朝阳区
丰台区
丰台区
丰台区
丰台区
丰台区
东城区
东城区
东城区
东城区
东城区
东城区
东城区
东城区
东城区
朝阳区
朝阳区
朝阳区
朝阳区
朝阳区
朝阳区
朝阳区
朝阳区
朝阳区
丰台区
丰台区
丰台区
丰台区
丰台区
朝阳区
东城区
东城区
东城区
东城区
丰台区
丰台区
丰台区
东城区
东城区
东城区
东城区
丰台区
丰台区
丰台区
丰台区
丰台区
丰台区
丰台区
丰台区
丰台区
丰台区
丰台区
丰台区
丰台区
丰台区
丰台区
朝阳区
朝阳区
朝阳区
朝阳区
朝阳区
丰台区
丰台区
丰台区
丰台区
海淀区
海淀区
海淀区
朝阳区
朝阳区
朝阳区
朝阳区
朝阳区
房山区
房山区
房山区
房山区
房山区
房山区
房山区
房山区
房山区
大兴区
大兴区
大兴区
大兴区
大兴区
朝阳区
朝阳区
朝阳区
朝阳区
海淀区
海淀区
海淀区
海淀区
海淀区
东城区
东城区
东城区
丰台区
海淀区
丰台区
丰台区
丰台区
丰台区
丰台区
丰台区
丰台区
朝阳区
朝阳区
朝阳区
朝阳区
朝阳区
丰台区
石景山区
石景山区
石景山区
朝阳区
朝阳区
朝阳区
朝阳区
朝阳区
朝阳区
朝阳区
朝阳区
朝阳区
朝阳区
朝阳区
朝阳区
朝阳区
丰台区
丰台区
丰台区
丰台区
丰台区
朝阳区
朝阳区
朝阳区
朝阳区
丰台区
丰台区
丰台区
丰台区
丰台区
丰台区
丰台区
丰台区
朝阳区
朝阳区
朝阳区
朝阳区
朝阳区
朝阳区
朝阳区
朝阳区
朝阳区
朝阳区
朝阳区
海淀区
海淀区
海淀区
通州区
通州区
通州区
通州区
朝阳区
朝阳区
朝阳区
朝阳区
朝阳区
东城区
东城区
东城区
东城区
东城区
昌平区
昌平区
昌平区
朝阳区
朝阳区
朝阳区
朝阳区
朝阳区
朝阳区
朝阳区
朝阳区
朝阳区
朝阳区
朝阳区
朝阳区
朝阳区
朝阳区
朝阳区
朝阳区
朝阳区
朝阳区
朝阳区
朝阳区
朝阳区
朝阳区
朝阳区
朝阳区
朝阳区
东城区
东城区
东城区
东城区
朝阳区
朝阳区
朝阳区
朝阳区
朝阳区
朝阳区
朝阳区
朝阳区
朝阳区
海淀区
海淀区
海淀区
海淀区
东城区
东城区
东城区
东城区
东城区
朝阳区
朝阳区
朝阳区
朝阳区
朝阳区
朝阳区
朝阳区
朝阳区
朝阳区
朝阳区
朝阳区
朝阳区
朝阳区
朝阳区
朝阳区
朝阳区
朝阳区
朝阳区
朝阳区
海淀区
海淀区
海淀区
丰台区
丰台区
丰台区
丰台区
丰台区
朝阳区
朝阳区
朝阳区
朝阳区
朝阳区
朝阳区
朝阳区
朝阳区
朝阳区
朝阳区
朝阳区
朝阳区
朝阳区
朝阳区
朝阳区
东城区
东城区
东城区
东城区
朝阳区
朝阳区
朝阳区
朝阳区
朝阳区
朝阳区
朝阳区
朝阳区
西城区
西城区
朝阳区
朝阳区
朝阳区
朝阳区
朝阳区
西城区
西城区
西城区
西城区
西城区
东城区
东城区
东城区
东城区
东城区
朝阳区
朝阳区
朝阳区
朝阳区
朝阳区
通州区
海淀区
海淀区
海淀区
朝阳区
朝阳区
朝阳区
朝阳区
朝阳区
朝阳区
朝阳区
朝阳区
朝阳区
朝阳区
朝阳区
朝阳区
朝阳区
朝阳区
朝阳区
朝阳区
朝阳区
朝阳区
朝阳区
大兴区
大兴区
大兴区
大兴区
丰台区
丰台区
丰台区
丰台区
大兴区
大兴区
丰台区
大兴区
大兴区
丰台区
大兴区
大兴区
朝阳区
朝阳区
朝阳区
朝阳区
朝阳区
朝阳区
朝阳区
朝阳区
朝阳区
朝阳区
东城区
东城区
东城区
东城区
朝阳区
朝阳区
朝阳区
朝阳区
朝阳区
朝阳区
朝阳区
朝阳区
朝阳区
朝阳区
朝阳区
朝阳区
朝阳区
朝阳区
朝阳区
朝阳区
朝阳区
朝阳区
朝阳区
朝阳区
朝阳区
朝阳区
朝阳区
东城区
东城区
东城区
海淀区
海淀区
海淀区
海淀区
海淀区
丰台区
丰台区
丰台区
丰台区
丰台区
朝阳区
朝阳区
朝阳区
朝阳区
朝阳区
朝阳区
朝阳区
朝阳区
朝阳区
朝阳区
朝阳区
朝阳区
朝阳区
朝阳区
东城区
东城区
东城区
朝阳区
朝阳区
朝阳区
朝阳区
朝阳区
朝阳区
朝阳区
大兴区
朝阳区
朝阳区
朝阳区
朝阳区
朝阳区
朝阳区
朝阳区
朝阳区
朝阳区
朝阳区
朝阳区
朝阳区
丰台区
丰台区
丰台区
丰台区
西城区
西城区
西城区
西城区
西城区
海淀区
昌平区
海淀区
昌平区
海淀区
海淀区
海淀区
海淀区
海淀区
朝阳区
朝阳区
朝阳区
西城区
西城区
西城区
西城区
西城区
大兴区
大兴区
大兴区
大兴区
朝阳区
朝阳区
朝阳区
朝阳区
朝阳区
丰台区
朝阳区
朝阳区
朝阳区
朝阳区
朝阳区
朝阳区
朝阳区
朝阳区
朝阳区
朝阳区
朝阳区
朝阳区
朝阳区
丰台区
丰台区
朝阳区
朝阳区
朝阳区
朝阳区
朝阳区
丰台区
丰台区
丰台区
丰台区
朝阳区
朝阳区
朝阳区
朝阳区
朝阳区
东城区
东城区
东城区
东城区
东城区
东城区
东城区
西城区
东城区
房山区
房山区
房山区
丰台区
丰台区
丰台区
丰台区
丰台区
丰台区
丰台区
丰台区
丰台区
丰台区
房山区
房山区
房山区
房山区
通州区
通州区
通州区
通州区
通州区
通州区
通州区
通州区
通州区
通州区
朝阳区
朝阳区
朝阳区
朝阳区
朝阳区
朝阳区
朝阳区
朝阳区
朝阳区
朝阳区
朝阳区
朝阳区
朝阳区
朝阳区
朝阳区
大兴区
大兴区
大兴区
大兴区
大兴区
大兴区
大兴区
大兴区
大兴区
朝阳区
朝阳区
朝阳区
朝阳区
朝阳区
朝阳区
朝阳区
朝阳区
朝阳区
朝阳区
朝阳区
朝阳区
朝阳区
朝阳区
朝阳区
朝阳区
朝阳区
朝阳区
朝阳区
朝阳区
朝阳区
朝阳区
朝阳区
海淀区
海淀区
海淀区
海淀区
海淀区
海淀区
海淀区
海淀区
海淀区
海淀区
朝阳区
朝阳区
朝阳区
朝阳区
朝阳区
朝阳区
朝阳区
丰台区
大兴区
大兴区
大兴区
大兴区
朝阳区
朝阳区
朝阳区
朝阳区
朝阳区
朝阳区
朝阳区
朝阳区
朝阳区
朝阳区
朝阳区
朝阳区
朝阳区
朝阳区
朝阳区
东城区
东城区
东城区
东城区
东城区
东城区
东城区
东城区
东城区
东城区
东城区
海淀区
海淀区
海淀区
海淀区
海淀区
朝阳区
朝阳区
朝阳区
朝阳区
朝阳区
大兴区
大兴区
大兴区
大兴区
大兴区
朝阳区
朝阳区
朝阳区
朝阳区
朝阳区
朝阳区
朝阳区
海淀区
海淀区
海淀区
海淀区
海淀区
朝阳区
朝阳区
朝阳区
朝阳区
朝阳区
丰台区
丰台区
丰台区
丰台区
丰台区
朝阳区
朝阳区
朝阳区
朝阳区
朝阳区
朝阳区
朝阳区
朝阳区
东城区
东城区
东城区
海淀区
海淀区
海淀区
大兴区
大兴区
海淀区
海淀区
海淀区
丰台区
丰台区
丰台区
丰台区
丰台区
丰台区
丰台区
丰台区
丰台区
东城区
朝阳区
朝阳区
朝阳区
朝阳区
朝阳区
朝阳区
朝阳区
朝阳区
朝阳区
大兴区
大兴区
大兴区
大兴区
大兴区
朝阳区
朝阳区
朝阳区
朝阳区
丰台区
丰台区
丰台区
丰台区
朝阳区
朝阳区
朝阳区
朝阳区
朝阳区
昌平区
昌平区
昌平区
昌平区
海淀区
海淀区
海淀区
海淀区
海淀区
朝阳区
朝阳区
朝阳区
朝阳区
朝阳区
朝阳区
朝阳区
朝阳区
朝阳区
朝阳区
丰台区
丰台区
丰台区
丰台区
丰台区
通州区
通州区
通州区
通州区
东城区
东城区
东城区
东城区
东城区
朝阳区
朝阳区
朝阳区
房山区
房山区
房山区
朝阳区
朝阳区
朝阳区
朝阳区
朝阳区
朝阳区
朝阳区
朝阳区
朝阳区
朝阳区
房山区
房山区
房山区
丰台区
丰台区
丰台区
丰台区
丰台区
丰台区
丰台区
朝阳区
朝阳区
朝阳区
朝阳区
朝阳区
朝阳区
朝阳区
朝阳区
丰台区
丰台区
丰台区
丰台区
丰台区
朝阳区
朝阳区
朝阳区
朝阳区
丰台区
丰台区
海淀区
海淀区
朝阳区
朝阳区
朝阳区
朝阳区
朝阳区
朝阳区
朝阳区
朝阳区
朝阳区
东城区
东城区
东城区
东城区
海淀区
海淀区
海淀区
海淀区
海淀区
海淀区
海淀区
海淀区
朝阳区
朝阳区
朝阳区
朝阳区
朝阳区
朝阳区
朝阳区
朝阳区
朝阳区
朝阳区
朝阳区
朝阳区
朝阳区
朝阳区
朝阳区
朝阳区
朝阳区
朝阳区
朝阳区
朝阳区
朝阳区
朝阳区
朝阳区
朝阳区
朝阳区
朝阳区
朝阳区
朝阳区
朝阳区
朝阳区
朝阳区
朝阳区
朝阳区
朝阳区
朝阳区
朝阳区
丰台区
丰台区
丰台区
丰台区
丰台区
朝阳区
朝阳区
朝阳区
朝阳区
朝阳区
朝阳区
朝阳区
海淀区
海淀区
海淀区
海淀区
海淀区
海淀区
丰台区
丰台区
丰台区
丰台区
朝阳区
朝阳区
顺义区
顺义区
顺义区
丰台区
丰台区
丰台区
丰台区
丰台区
丰台区
丰台区
丰台区
朝阳区
朝阳区
朝阳区
朝阳区
朝阳区
朝阳区
朝阳区
朝阳区
朝阳区
朝阳区
朝阳区
朝阳区
朝阳区
朝阳区
朝阳区
朝阳区
朝阳区
海淀区
朝阳区
朝阳区
朝阳区
通州区
通州区
通州区
通州区
通州区
大兴区
丰台区
丰台区
丰台区
丰台区
丰台区
丰台区
丰台区
丰台区
丰台区
丰台区
朝阳区
朝阳区
朝阳区
朝阳区
朝阳区
朝阳区
朝阳区
朝阳区
朝阳区
朝阳区
朝阳区
朝阳区
朝阳区
朝阳区
房山区
房山区
房山区
房山区
朝阳区
朝阳区
朝阳区
朝阳区
朝阳区
朝阳区
朝阳区
朝阳区
朝阳区
丰台区
丰台区
丰台区
丰台区
丰台区
丰台区
丰台区
丰台区
朝阳区
朝阳区
朝阳区
朝阳区
朝阳区
朝阳区
朝阳区
朝阳区
朝阳区
朝阳区
朝阳区
西城区
东城区
朝阳区
东城区
朝阳区
丰台区
丰台区
丰台区
丰台区
丰台区
通州区
通州区
通州区
通州区
通州区
西城区
西城区
西城区
海淀区
海淀区
西城区
西城区
西城区
海淀区
海淀区
丰台区
丰台区
丰台区
丰台区
丰台区
丰台区
东城区
东城区
通州区
通州区
通州区
通州区
通州区
通州区
通州区
通州区
朝阳区
朝阳区
朝阳区
朝阳区
朝阳区
朝阳区
朝阳区
朝阳区
朝阳区
大兴区
大兴区
大兴区
大兴区
大兴区
朝阳区
朝阳区
朝阳区
朝阳区
朝阳区
房山区
房山区
房山区
房山区
房山区
朝阳区
朝阳区
朝阳区
朝阳区
丰台区
丰台区
丰台区
丰台区
丰台区
丰台区
丰台区
丰台区
朝阳区
朝阳区
朝阳区
朝阳区
朝阳区
朝阳区
朝阳区
朝阳区
朝阳区
朝阳区
朝阳区
丰台区
丰台区
丰台区
通州区
朝阳区
朝阳区
朝阳区
朝阳区
朝阳区
朝阳区
朝阳区
朝阳区
朝阳区
昌平区
昌平区
昌平区
昌平区
昌平区
昌平区
昌平区
昌平区
大兴区
大兴区
大兴区
大兴区
大兴区
丰台区
丰台区
朝阳区
朝阳区
朝阳区
朝阳区
朝阳区
朝阳区
朝阳区
海淀区
海淀区
海淀区
海淀区
海淀区
海淀区
海淀区
丰台区
丰台区
丰台区
丰台区
西城区
朝阳区
朝阳区
朝阳区
朝阳区
丰台区
丰台区
丰台区
丰台区
丰台区
海淀区
海淀区
海淀区
门头沟区
丰台区
丰台区
朝阳区
朝阳区
朝阳区
朝阳区
朝阳区
朝阳区
朝阳区
朝阳区
朝阳区
朝阳区
东城区
东城区
东城区
海淀区
朝阳区
朝阳区
朝阳区
朝阳区
朝阳区
昌平区
昌平区
昌平区
昌平区
昌平区
昌平区
昌平区
昌平区
昌平区
昌平区
朝阳区
朝阳区
朝阳区
朝阳区
朝阳区
朝阳区
朝阳区
朝阳区
石景山区
石景山区
石景山区
石景山区
石景山区
海淀区
海淀区
海淀区
海淀区
海淀区
朝阳区
朝阳区
朝阳区
朝阳区
朝阳区
大兴区
大兴区
大兴区
朝阳区
朝阳区
朝阳区
朝阳区
朝阳区
朝阳区
朝阳区
朝阳区
朝阳区
朝阳区
海淀区
海淀区
海淀区
海淀区
海淀区
朝阳区
朝阳区
朝阳区
朝阳区
朝阳区
朝阳区
朝阳区
朝阳区
朝阳区
朝阳区
朝阳区
朝阳区
朝阳区
朝阳区
朝阳区
朝阳区
朝阳区
朝阳区
朝阳区
朝阳区
朝阳区
房山区
房山区
房山区
房山区
朝阳区
朝阳区
朝阳区
朝阳区
朝阳区
朝阳区
朝阳区
朝阳区
朝阳区
朝阳区
朝阳区
朝阳区
朝阳区
朝阳区
朝阳区
丰台区
丰台区
丰台区
丰台区
海淀区
海淀区
海淀区
海淀区
海淀区
海淀区
海淀区
海淀区
海淀区
海淀区
顺义区
顺义区
顺义区
顺义区
顺义区
顺义区
顺义区
顺义区
房山区
房山区
房山区
房山区
房山区
朝阳区
朝阳区
朝阳区
东城区
朝阳区
朝阳区
朝阳区
朝阳区
大兴区
朝阳区
朝阳区
朝阳区
朝阳区
朝阳区
东城区
朝阳区
东城区
朝阳区
东城区
东城区
东城区
朝阳区
朝阳区
通州区
通州区
朝阳区
朝阳区
朝阳区
朝阳区
朝阳区
朝阳区
朝阳区
朝阳区
东城区
东城区
东城区
东城区
东城区
丰台区
丰台区
丰台区
丰台区
丰台区
丰台区
丰台区
丰台区
海淀区
海淀区
海淀区
海淀区
海淀区
朝阳区
朝阳区
朝阳区
朝阳区
朝阳区
朝阳区
朝阳区
朝阳区
朝阳区
朝阳区
朝阳区
朝阳区
朝阳区
朝阳区
朝阳区
朝阳区
朝阳区
朝阳区
朝阳区
朝阳区
朝阳区
朝阳区
东城区
东城区
东城区
东城区
朝阳区
朝阳区
朝阳区
朝阳区
朝阳区
朝阳区
朝阳区
朝阳区
朝阳区
朝阳区
丰台区
丰台区
丰台区
丰台区
大兴区
大兴区
大兴区
大兴区
大兴区
朝阳区
朝阳区
朝阳区
朝阳区
朝阳区
朝阳区
朝阳区
朝阳区
朝阳区
朝阳区
朝阳区
朝阳区
朝阳区
朝阳区
朝阳区
朝阳区
朝阳区
朝阳区
朝阳区
朝阳区
朝阳区
朝阳区
朝阳区
朝阳区
朝阳区
朝阳区
朝阳区
朝阳区
朝阳区
朝阳区
朝阳区
朝阳区
朝阳区
朝阳区
朝阳区
丰台区
丰台区
丰台区
丰台区
朝阳区
朝阳区
朝阳区
朝阳区
海淀区
海淀区
海淀区
海淀区
海淀区
朝阳区
朝阳区
朝阳区
朝阳区
朝阳区
朝阳区
朝阳区
朝阳区
丰台区
丰台区
丰台区
丰台区
丰台区
通州区
通州区
通州区
通州区
通州区
朝阳区
朝阳区
朝阳区
朝阳区
丰台区
西城区
西城区
西城区
西城区
朝阳区
朝阳区
朝阳区
朝阳区
朝阳区
朝阳区
朝阳区
朝阳区
朝阳区
朝阳区
朝阳区
朝阳区
朝阳区
朝阳区
朝阳区
朝阳区
朝阳区
丰台区
丰台区
丰台区
西城区
西城区
西城区
海淀区
海淀区
海淀区
海淀区
海淀区
丰台区
丰台区
丰台区
丰台区
丰台区
丰台区
丰台区
丰台区
丰台区
昌平区
昌平区
昌平区
昌平区
丰台区
丰台区
丰台区
丰台区
丰台区
丰台区
丰台区
丰台区
丰台区
丰台区
朝阳区
朝阳区
朝阳区
朝阳区
朝阳区
朝阳区
丰台区
丰台区
丰台区
丰台区
丰台区
丰台区
丰台区
丰台区
丰台区
丰台区
丰台区
丰台区
丰台区
丰台区
朝阳区
朝阳区
朝阳区
朝阳区
朝阳区
朝阳区
朝阳区
朝阳区
朝阳区
朝阳区
朝阳区
朝阳区
朝阳区
朝阳区
朝阳区
朝阳区
朝阳区
朝阳区
海淀区
海淀区
海淀区
海淀区
海淀区
朝阳区
朝阳区
朝阳区
朝阳区
朝阳区
朝阳区
朝阳区
朝阳区
朝阳区
西城区
西城区
西城区
西城区
西城区
朝阳区
朝阳区
朝阳区
朝阳区
朝阳区
大兴区
朝阳区
朝阳区
朝阳区
朝阳区
朝阳区
朝阳区
朝阳区
朝阳区
朝阳区
朝阳区
朝阳区
朝阳区
朝阳区
朝阳区
朝阳区
朝阳区
朝阳区
朝阳区
朝阳区
海淀区
海淀区
海淀区
通州区
通州区
通州区
通州区
通州区
丰台区
丰台区
丰台区
丰台区
丰台区
丰台区
丰台区
丰台区
丰台区
东城区
东城区
东城区
朝阳区
朝阳区
朝阳区
朝阳区
朝阳区
通州区
通州区
房山区
房山区
东城区
东城区
朝阳区
朝阳区
朝阳区
朝阳区
朝阳区
朝阳区
朝阳区
房山区
房山区
通州区
通州区
通州区
通州区
通州区
朝阳区
朝阳区
朝阳区
朝阳区
朝阳区
朝阳区
朝阳区
朝阳区
朝阳区
丰台区
丰台区
丰台区
丰台区
丰台区
海淀区
海淀区
海淀区
海淀区
海淀区
海淀区
海淀区
丰台区
丰台区
丰台区
丰台区
朝阳区
朝阳区
朝阳区
海淀区
海淀区
海淀区
海淀区
西城区
西城区
西城区
西城区
朝阳区
朝阳区
朝阳区
朝阳区
朝阳区
丰台区
丰台区
丰台区
丰台区
丰台区
丰台区
丰台区
丰台区
丰台区
丰台区
昌平区
昌平区
朝阳区
朝阳区
朝阳区
朝阳区
朝阳区
朝阳区
朝阳区
朝阳区
朝阳区
朝阳区
朝阳区
朝阳区
通州区
通州区
通州区
通州区
通州区
通州区
通州区
通州区
通州区
通州区
朝阳区
朝阳区
朝阳区
朝阳区
朝阳区
通州区
通州区
通州区
通州区
通州区
朝阳区
朝阳区
朝阳区
朝阳区
朝阳区
朝阳区
朝阳区
朝阳区
朝阳区
朝阳区
朝阳区
朝阳区
朝阳区
朝阳区
朝阳区
朝阳区
朝阳区
朝阳区
朝阳区
朝阳区
通州区
通州区
通州区
通州区
通州区
东城区
东城区
东城区
东城区
东城区
东城区
东城区
东城区
东城区
东城区
朝阳区
朝阳区
朝阳区
朝阳区
朝阳区
通州区
通州区
通州区
通州区
东城区
东城区
东城区
丰台区
东城区
东城区
东城区
海淀区
海淀区
海淀区
海淀区
海淀区
海淀区
海淀区
海淀区
朝阳区
朝阳区
朝阳区
朝阳区
朝阳区
海淀区
丰台区
丰台区
朝阳区
朝阳区
朝阳区
朝阳区
丰台区
丰台区
朝阳区
丰台区
朝阳区
通州区
通州区
通州区
通州区
通州区
海淀区
朝阳区
朝阳区
朝阳区
朝阳区
朝阳区
朝阳区
朝阳区
西城区
西城区
西城区
西城区
西城区
西城区
西城区
西城区
西城区
朝阳区
朝阳区
朝阳区
朝阳区
朝阳区
朝阳区
朝阳区
朝阳区
朝阳区
朝阳区
朝阳区
朝阳区
朝阳区
朝阳区
丰台区
石景山区
丰台区
丰台区
丰台区
丰台区
石景山区
丰台区
丰台区
丰台区
朝阳区
朝阳区
朝阳区
朝阳区
朝阳区
朝阳区
朝阳区
朝阳区
朝阳区
朝阳区
朝阳区
朝阳区
朝阳区
朝阳区
朝阳区
朝阳区
朝阳区
朝阳区
朝阳区
东城区
东城区
东城区
东城区
东城区
东城区
东城区
朝阳区
朝阳区
朝阳区
朝阳区
朝阳区
朝阳区
朝阳区
朝阳区
朝阳区
朝阳区
朝阳区
朝阳区
朝阳区
朝阳区
房山区
房山区
房山区
东城区
东城区
东城区
东城区
东城区
东城区
东城区
东城区
东城区
东城区
朝阳区
朝阳区
朝阳区
朝阳区
西城区
西城区
西城区
西城区
丰台区
丰台区
丰台区
丰台区
丰台区
丰台区
东城区
东城区
东城区
东城区
东城区
朝阳区
朝阳区
朝阳区
朝阳区
海淀区
海淀区
海淀区
海淀区
海淀区
丰台区
海淀区
朝阳区
朝阳区
朝阳区
西城区
西城区
西城区
朝阳区
朝阳区
丰台区
丰台区
丰台区
丰台区
丰台区
朝阳区
朝阳区
朝阳区
朝阳区
朝阳区
朝阳区
海淀区
海淀区
海淀区
海淀区
朝阳区
朝阳区
朝阳区
朝阳区
朝阳区
丰台区
丰台区
丰台区
丰台区
丰台区
石景山区
石景山区
石景山区
石景山区
石景山区
丰台区
丰台区
丰台区
丰台区
丰台区
丰台区
丰台区
丰台区
丰台区
丰台区
丰台区
丰台区
丰台区
丰台区
丰台区
丰台区
丰台区
丰台区
丰台区
丰台区
海淀区
海淀区
海淀区
海淀区
丰台区
丰台区
丰台区
朝阳区
东城区
朝阳区
东城区
海淀区
海淀区
海淀区
海淀区
海淀区
朝阳区
朝阳区
朝阳区
朝阳区
海淀区
海淀区
海淀区
海淀区
海淀区
海淀区
海淀区
丰台区
丰台区
丰台区
丰台区
丰台区
朝阳区
朝阳区
朝阳区
朝阳区
朝阳区
朝阳区
朝阳区
朝阳区
朝阳区
朝阳区
丰台区
丰台区
丰台区
丰台区
丰台区
丰台区
丰台区
丰台区
丰台区
丰台区
丰台区
丰台区
丰台区
丰台区
丰台区
丰台区
丰台区
丰台区
丰台区
丰台区
丰台区
丰台区
丰台区
丰台区
丰台区
丰台区
丰台区
朝阳区
朝阳区
通州区
朝阳区
朝阳区
朝阳区
丰台区
丰台区
丰台区
丰台区
丰台区
朝阳区
朝阳区
朝阳区
朝阳区
朝阳区
朝阳区
朝阳区
朝阳区
东城区
朝阳区
东城区
朝阳区
朝阳区
东城区
朝阳区
朝阳区
昌平区
昌平区
昌平区
丰台区
丰台区
西城区
海淀区
丰台区
丰台区
西城区
海淀区
通州区
通州区
通州区
通州区
通州区
通州区
通州区
通州区
通州区
通州区
海淀区
海淀区
海淀区
海淀区
东城区
东城区
东城区
东城区
东城区
朝阳区
朝阳区
朝阳区
朝阳区
丰台区
丰台区
丰台区
朝阳区
朝阳区
朝阳区
朝阳区
朝阳区
丰台区
丰台区
丰台区
石景山区
丰台区
丰台区
丰台区
丰台区
石景山区
丰台区
朝阳区
朝阳区
朝阳区
朝阳区
朝阳区
朝阳区
朝阳区
朝阳区
丰台区
朝阳区
朝阳区
朝阳区
朝阳区
朝阳区
朝阳区
朝阳区
朝阳区
朝阳区
东城区
东城区
东城区
丰台区
丰台区
丰台区
丰台区
丰台区
丰台区
丰台区
丰台区
昌平区
丰台区
丰台区
丰台区
丰台区
丰台区
朝阳区
朝阳区
朝阳区
朝阳区
朝阳区
朝阳区
朝阳区
朝阳区
朝阳区
丰台区
东城区
东城区
东城区
东城区
东城区
朝阳区
朝阳区
朝阳区
朝阳区
朝阳区
西城区
西城区
西城区
西城区
西城区
朝阳区
朝阳区
朝阳区
朝阳区
朝阳区
朝阳区
朝阳区
朝阳区
朝阳区
朝阳区
朝阳区
朝阳区
朝阳区
朝阳区
朝阳区
朝阳区
朝阳区
朝阳区
朝阳区
朝阳区
朝阳区
朝阳区
朝阳区
朝阳区
朝阳区
朝阳区
朝阳区
朝阳区
朝阳区
朝阳区
朝阳区
朝阳区
朝阳区
朝阳区
朝阳区
朝阳区
朝阳区
朝阳区
朝阳区
朝阳区
朝阳区
朝阳区
朝阳区
朝阳区
通州区
朝阳区
朝阳区
朝阳区
朝阳区
朝阳区
朝阳区
朝阳区
朝阳区
海淀区
海淀区
海淀区
海淀区
朝阳区
朝阳区
朝阳区
朝阳区
朝阳区
朝阳区
朝阳区
朝阳区
朝阳区
朝阳区
朝阳区
朝阳区
朝阳区
朝阳区
朝阳区
朝阳区
朝阳区
朝阳区
朝阳区
朝阳区
朝阳区
朝阳区
朝阳区
朝阳区
朝阳区
朝阳区
朝阳区
朝阳区
朝阳区
朝阳区
朝阳区
朝阳区
朝阳区
朝阳区
朝阳区
朝阳区
朝阳区
朝阳区
朝阳区
朝阳区
朝阳区
朝阳区
朝阳区
朝阳区
朝阳区
朝阳区
朝阳区
朝阳区
朝阳区
朝阳区
朝阳区
朝阳区
朝阳区
朝阳区
朝阳区
丰台区
丰台区
丰台区
丰台区
朝阳区
朝阳区
朝阳区
朝阳区
东城区
东城区
东城区
朝阳区
朝阳区
朝阳区
朝阳区
东城区
东城区
朝阳区
东城区
东城区
东城区
海淀区
海淀区
海淀区
海淀区
海淀区
海淀区
海淀区
海淀区
海淀区
海淀区
丰台区
丰台区
丰台区
石景山区
石景山区
石景山区
石景山区
丰台区
石景山区
石景山区
石景山区
石景山区
朝阳区
朝阳区
朝阳区
朝阳区
西城区
西城区
西城区
西城区
西城区
朝阳区
朝阳区
朝阳区
朝阳区
朝阳区
通州区
丰台区
丰台区
丰台区
丰台区
通州区
通州区
朝阳区
朝阳区
丰台区
丰台区
丰台区
朝阳区
朝阳区
朝阳区
朝阳区
朝阳区
海淀区
海淀区
海淀区
海淀区
朝阳区
朝阳区
朝阳区
东城区
东城区
东城区
东城区
大兴区
大兴区
大兴区
大兴区
大兴区
西城区
西城区
西城区
朝阳区
朝阳区
朝阳区
朝阳区
朝阳区
西城区
西城区
西城区
西城区
西城区
西城区
西城区
丰台区
丰台区
丰台区
丰台区
丰台区
西城区
西城区
西城区
丰台区
丰台区
丰台区
丰台区
丰台区
东城区
东城区
东城区
东城区
东城区
东城区
东城区
东城区
朝阳区
东城区
朝阳区
朝阳区
朝阳区
朝阳区
朝阳区
朝阳区
朝阳区
朝阳区
朝阳区
朝阳区
朝阳区
朝阳区
朝阳区
朝阳区
朝阳区
朝阳区
朝阳区
朝阳区
朝阳区
朝阳区
朝阳区
朝阳区
朝阳区
朝阳区
朝阳区
朝阳区
东城区
东城区
东城区
东城区
东城区
朝阳区
海淀区
朝阳区
海淀区
西城区
海淀区
海淀区
海淀区
海淀区
西城区
海淀区
海淀区
海淀区
海淀区
东城区
东城区
丰台区
丰台区
东城区
东城区
丰台区
丰台区
朝阳区
朝阳区
朝阳区
海淀区
海淀区
海淀区
朝阳区
海淀区
海淀区
海淀区
海淀区
朝阳区
海淀区
昌平区
东城区
东城区
朝阳区
朝阳区
朝阳区
朝阳区
朝阳区
昌平区
东城区
东城区
朝阳区
朝阳区
朝阳区
朝阳区
朝阳区
朝阳区
朝阳区
朝阳区
朝阳区
朝阳区
朝阳区
朝阳区
朝阳区
朝阳区
朝阳区
朝阳区
朝阳区
朝阳区
朝阳区
朝阳区
朝阳区
朝阳区
朝阳区
朝阳区
海淀区
海淀区
海淀区
海淀区
海淀区
朝阳区
朝阳区
朝阳区
朝阳区
朝阳区
朝阳区
丰台区
丰台区
丰台区
丰台区
丰台区
丰台区
朝阳区
朝阳区
朝阳区
朝阳区
朝阳区
朝阳区
朝阳区
朝阳区
朝阳区
朝阳区
朝阳区
朝阳区
朝阳区
朝阳区
朝阳区
朝阳区
朝阳区
朝阳区
朝阳区
朝阳区
朝阳区
朝阳区
朝阳区
朝阳区
朝阳区
朝阳区
朝阳区
朝阳区
朝阳区
朝阳区
朝阳区
朝阳区
朝阳区
西城区
丰台区
丰台区
东城区
东城区
东城区
朝阳区
海淀区
海淀区
海淀区
海淀区
东城区
东城区
东城区
东城区
朝阳区
朝阳区
朝阳区
朝阳区
朝阳区
朝阳区
通州区
通州区
通州区
通州区
通州区
朝阳区
朝阳区
朝阳区
西城区
海淀区
西城区
西城区
朝阳区
朝阳区
朝阳区
朝阳区
朝阳区
朝阳区
朝阳区
朝阳区
朝阳区
朝阳区
朝阳区
朝阳区
朝阳区
朝阳区
朝阳区
朝阳区
朝阳区
朝阳区
朝阳区
朝阳区
朝阳区
朝阳区
朝阳区
朝阳区
海淀区
海淀区
海淀区
海淀区
朝阳区
朝阳区
朝阳区
朝阳区
房山区
丰台区
丰台区
房山区
房山区
朝阳区
朝阳区
朝阳区
朝阳区
朝阳区
海淀区
海淀区
海淀区
海淀区
东城区
东城区
东城区
东城区
东城区
东城区
丰台区
丰台区
丰台区
丰台区
丰台区
丰台区
丰台区
丰台区
丰台区
丰台区
海淀区
海淀区
海淀区
海淀区
朝阳区
海淀区
海淀区
东城区
通州区
通州区
房山区
房山区
朝阳区
朝阳区
朝阳区
朝阳区
房山区
房山区
房山区
房山区
房山区
房山区
房山区
房山区
房山区
房山区
房山区
房山区
房山区
房山区
房山区
房山区
房山区
房山区
朝阳区
朝阳区
朝阳区
朝阳区
朝阳区
朝阳区
朝阳区
朝阳区
朝阳区
朝阳区
朝阳区
朝阳区
朝阳区
朝阳区
朝阳区
朝阳区
朝阳区
朝阳区
东城区
东城区
朝阳区
朝阳区
朝阳区
东城区
东城区
朝阳区
朝阳区
朝阳区
朝阳区
朝阳区
朝阳区
朝阳区
朝阳区
朝阳区
东城区
朝阳区
朝阳区
朝阳区
朝阳区
东城区
丰台区
朝阳区
朝阳区
朝阳区
朝阳区
东城区
朝阳区
海淀区
海淀区
海淀区
海淀区
东城区
朝阳区
朝阳区
朝阳区
朝阳区
朝阳区
朝阳区
朝阳区
朝阳区
朝阳区
朝阳区
朝阳区
朝阳区
东城区
东城区
东城区
大兴区
大兴区
大兴区
大兴区
大兴区
朝阳区
朝阳区
朝阳区
朝阳区
通州区
通州区
通州区
通州区
通州区
丰台区
丰台区
丰台区
丰台区
大兴区
朝阳区
朝阳区
朝阳区
朝阳区
朝阳区
朝阳区
朝阳区
朝阳区
朝阳区
朝阳区
朝阳区
朝阳区
朝阳区
朝阳区
海淀区
海淀区
朝阳区
朝阳区
朝阳区
朝阳区
朝阳区
丰台区
丰台区
丰台区
丰台区
丰台区
海淀区
海淀区
海淀区
海淀区
海淀区
朝阳区
朝阳区
朝阳区
朝阳区
大兴区
大兴区
大兴区
大兴区
大兴区
大兴区
大兴区
大兴区
大兴区
大兴区
西城区
西城区
西城区
朝阳区
朝阳区
朝阳区
朝阳区
朝阳区
大兴区
大兴区
大兴区
大兴区
通州区
通州区
通州区
通州区
通州区
通州区
通州区
通州区
通州区
通州区
通州区
通州区
通州区
通州区
通州区
通州区
通州区
通州区
通州区
通州区
丰台区
丰台区
海淀区
海淀区
海淀区
丰台区
丰台区
丰台区
海淀区
海淀区
海淀区
海淀区
海淀区
海淀区
海淀区
朝阳区
朝阳区
朝阳区
朝阳区
朝阳区
朝阳区
朝阳区
朝阳区
朝阳区
西城区
西城区
西城区
西城区
西城区
东城区
东城区
东城区
丰台区
东城区
海淀区
海淀区
大兴区
大兴区
大兴区
大兴区
朝阳区
朝阳区
朝阳区
朝阳区
朝阳区
朝阳区
朝阳区
朝阳区
朝阳区
东城区
东城区
朝阳区
朝阳区
朝阳区
东城区
东城区
朝阳区
朝阳区
朝阳区
朝阳区
朝阳区
朝阳区
朝阳区
朝阳区
房山区
房山区
房山区
房山区
房山区
丰台区
丰台区
丰台区
丰台区
朝阳区
朝阳区
朝阳区
朝阳区
朝阳区
丰台区
丰台区
丰台区
丰台区
丰台区
朝阳区
朝阳区
朝阳区
朝阳区
朝阳区
朝阳区
朝阳区
朝阳区
丰台区
丰台区
丰台区
丰台区
丰台区
丰台区
朝阳区
朝阳区
朝阳区
朝阳区
朝阳区
朝阳区
朝阳区
朝阳区
朝阳区
朝阳区
西城区
西城区
西城区
西城区
西城区
朝阳区
朝阳区
朝阳区
朝阳区
朝阳区
朝阳区
朝阳区
朝阳区
朝阳区
朝阳区
朝阳区
朝阳区
朝阳区
朝阳区
朝阳区
朝阳区
朝阳区
朝阳区
东城区
丰台区
丰台区
丰台区
朝阳区
朝阳区
朝阳区
丰台区
丰台区
丰台区
丰台区
丰台区
丰台区
丰台区
丰台区
丰台区
丰台区
丰台区
西城区
西城区
西城区
西城区
西城区
朝阳区
朝阳区
朝阳区
朝阳区
朝阳区
朝阳区
朝阳区
朝阳区
朝阳区
朝阳区
朝阳区
朝阳区
朝阳区
朝阳区
朝阳区
朝阳区
朝阳区
朝阳区
朝阳区
朝阳区
朝阳区
朝阳区
朝阳区
朝阳区
朝阳区
朝阳区
朝阳区
大兴区
大兴区
大兴区
大兴区
通州区
通州区
朝阳区
东城区
通州区
通州区
朝阳区
东城区
东城区
西城区
西城区
西城区
西城区
西城区
丰台区
丰台区
丰台区
丰台区
朝阳区
朝阳区
朝阳区
朝阳区
朝阳区
朝阳区
朝阳区
朝阳区
朝阳区
朝阳区
朝阳区
朝阳区
朝阳区
朝阳区
朝阳区
朝阳区
朝阳区
朝阳区
朝阳区
朝阳区
朝阳区
朝阳区
朝阳区
朝阳区
朝阳区
朝阳区
朝阳区
朝阳区
朝阳区
朝阳区
朝阳区
朝阳区
朝阳区
朝阳区
朝阳区
朝阳区
西城区
西城区
丰台区
西城区
朝阳区
朝阳区
朝阳区
朝阳区
朝阳区
朝阳区
朝阳区
朝阳区
朝阳区
朝阳区
朝阳区
朝阳区
朝阳区
朝阳区
东城区
东城区
东城区
朝阳区
朝阳区
朝阳区
朝阳区
朝阳区
朝阳区
朝阳区
朝阳区
海淀区
海淀区
海淀区
海淀区
海淀区
海淀区
海淀区
海淀区
海淀区
海淀区
朝阳区
朝阳区
朝阳区
朝阳区
朝阳区
朝阳区
朝阳区
朝阳区
朝阳区
朝阳区
朝阳区
朝阳区
朝阳区
朝阳区
朝阳区
朝阳区
朝阳区
朝阳区
朝阳区
朝阳区
朝阳区
朝阳区
朝阳区
海淀区
西城区
海淀区
海淀区
海淀区
西城区
海淀区
海淀区
朝阳区
朝阳区
朝阳区
朝阳区
丰台区
朝阳区
丰台区
西城区
西城区
西城区
西城区
西城区
西城区
西城区
西城区
西城区
朝阳区
朝阳区
朝阳区
朝阳区
丰台区
丰台区
朝阳区
朝阳区
朝阳区
朝阳区
朝阳区
朝阳区
朝阳区
朝阳区
朝阳区
朝阳区
朝阳区
朝阳区
大兴区
朝阳区
朝阳区
丰台区
丰台区
丰台区
丰台区
海淀区
朝阳区
海淀区
海淀区
海淀区
海淀区
海淀区
海淀区
西城区
西城区
东城区
大兴区
大兴区
大兴区
丰台区
东城区
大兴区
大兴区
大兴区
丰台区
朝阳区
朝阳区
朝阳区
朝阳区
朝阳区
朝阳区
朝阳区
朝阳区
朝阳区
朝阳区
朝阳区
海淀区
海淀区
海淀区
海淀区
海淀区
海淀区
东城区
东城区
东城区
东城区
东城区
朝阳区
朝阳区
朝阳区
朝阳区
朝阳区
朝阳区
朝阳区
朝阳区
朝阳区
朝阳区
朝阳区
朝阳区
朝阳区
东城区
朝阳区
东城区
朝阳区
朝阳区
东城区
朝阳区
东城区
丰台区
丰台区
丰台区
丰台区
丰台区
丰台区
丰台区
丰台区
丰台区
丰台区
丰台区
丰台区
丰台区
丰台区
朝阳区
大兴区
大兴区
朝阳区
大兴区
大兴区
东城区
东城区
东城区
东城区
东城区
东城区
东城区
东城区
丰台区
丰台区
丰台区
丰台区
丰台区
丰台区
丰台区
丰台区
丰台区
丰台区
丰台区
朝阳区
朝阳区
朝阳区
朝阳区
朝阳区
朝阳区
朝阳区
朝阳区
丰台区
丰台区
丰台区
丰台区
海淀区
海淀区
海淀区
海淀区
海淀区
朝阳区
东城区
东城区
东城区
朝阳区
朝阳区
朝阳区
朝阳区
朝阳区
东城区
东城区
东城区
东城区
海淀区
海淀区
海淀区
海淀区
海淀区
海淀区
海淀区
海淀区
东城区
东城区
东城区
东城区
东城区
朝阳区
朝阳区
朝阳区
朝阳区
朝阳区
朝阳区
朝阳区
朝阳区
朝阳区
朝阳区
大兴区
大兴区
大兴区
大兴区
大兴区
朝阳区
朝阳区
朝阳区
朝阳区
朝阳区
朝阳区
朝阳区
朝阳区
朝阳区
朝阳区
朝阳区
朝阳区
朝阳区
朝阳区
朝阳区
朝阳区
朝阳区
朝阳区
朝阳区
朝阳区
朝阳区
朝阳区
朝阳区
东城区
东城区
东城区
东城区
朝阳区
朝阳区
朝阳区
朝阳区
朝阳区
朝阳区
海淀区
海淀区
朝阳区
朝阳区
朝阳区
朝阳区
朝阳区
朝阳区
朝阳区
朝阳区
朝阳区
朝阳区
朝阳区
东城区
东城区
东城区
朝阳区
朝阳区
东城区
东城区
东城区
朝阳区
朝阳区
东城区
东城区
东城区
朝阳区
朝阳区
东城区
东城区
东城区
朝阳区
东城区
东城区
东城区
东城区
朝阳区
朝阳区
东城区
东城区
东城区
朝阳区
东城区
东城区
东城区
东城区
朝阳区
朝阳区
朝阳区
朝阳区
朝阳区
朝阳区
朝阳区
海淀区
海淀区
海淀区
海淀区
海淀区
东城区
朝阳区
朝阳区
朝阳区
昌平区
昌平区
昌平区
昌平区
丰台区
丰台区
丰台区
丰台区
丰台区
海淀区
朝阳区
朝阳区
朝阳区
朝阳区
朝阳区
朝阳区
朝阳区
丰台区
丰台区
丰台区
丰台区
朝阳区
朝阳区
朝阳区
朝阳区
朝阳区
朝阳区
朝阳区
朝阳区
朝阳区
朝阳区
朝阳区
朝阳区
朝阳区
朝阳区
朝阳区
朝阳区
朝阳区
朝阳区
朝阳区
朝阳区
朝阳区
朝阳区
朝阳区
朝阳区
朝阳区
朝阳区
朝阳区
朝阳区
朝阳区
朝阳区
朝阳区
朝阳区
朝阳区
朝阳区
朝阳区
朝阳区
朝阳区
朝阳区
朝阳区
朝阳区
丰台区
朝阳区
朝阳区
朝阳区
朝阳区
朝阳区
朝阳区
朝阳区
朝阳区
朝阳区
朝阳区
朝阳区
朝阳区
朝阳区
朝阳区
朝阳区
朝阳区
朝阳区
朝阳区
朝阳区
朝阳区
朝阳区
朝阳区
朝阳区
朝阳区
朝阳区
朝阳区
朝阳区
朝阳区
朝阳区
昌平区
昌平区
昌平区
昌平区
朝阳区
朝阳区
朝阳区
海淀区
海淀区
大兴区
大兴区
大兴区
大兴区
丰台区
朝阳区
朝阳区
丰台区
朝阳区
朝阳区
朝阳区
朝阳区
朝阳区
顺义区
顺义区
朝阳区
朝阳区
朝阳区
顺义区
顺义区
朝阳区
朝阳区
朝阳区
朝阳区
海淀区
朝阳区
朝阳区
朝阳区
朝阳区
朝阳区
朝阳区
朝阳区
朝阳区
朝阳区
朝阳区
朝阳区
海淀区
朝阳区
朝阳区
朝阳区
朝阳区
朝阳区
朝阳区
朝阳区
朝阳区
朝阳区
海淀区
朝阳区
朝阳区
朝阳区
朝阳区
朝阳区
朝阳区
海淀区
朝阳区
朝阳区
朝阳区
朝阳区
朝阳区
朝阳区
朝阳区
朝阳区
朝阳区
朝阳区
朝阳区
朝阳区
朝阳区
朝阳区
朝阳区
朝阳区
朝阳区
朝阳区
朝阳区
朝阳区
朝阳区
朝阳区
朝阳区
朝阳区
朝阳区
朝阳区
朝阳区
朝阳区
朝阳区
海淀区
海淀区
海淀区
海淀区
海淀区
海淀区
石景山区
石景山区
石景山区
石景山区
石景山区
东城区
东城区
东城区
东城区
东城区
东城区
东城区
海淀区
海淀区
海淀区
海淀区
海淀区
东城区
东城区
东城区
东城区
海淀区
海淀区
海淀区
海淀区
海淀区
丰台区
丰台区
丰台区
丰台区
丰台区
海淀区
海淀区
朝阳区
朝阳区
朝阳区
朝阳区
朝阳区
东城区
东城区
东城区
东城区
东城区
东城区
东城区
东城区
朝阳区
朝阳区
朝阳区
朝阳区
朝阳区
朝阳区
朝阳区
朝阳区
朝阳区
朝阳区
朝阳区
朝阳区
朝阳区
海淀区
海淀区
海淀区
海淀区
海淀区
海淀区
海淀区
海淀区
海淀区
海淀区
丰台区
丰台区
丰台区
丰台区
丰台区
朝阳区
朝阳区
朝阳区
朝阳区
朝阳区
朝阳区
朝阳区
朝阳区
朝阳区
朝阳区
朝阳区
朝阳区
朝阳区
朝阳区
东城区
东城区
东城区
东城区
东城区
东城区
东城区
东城区
东城区
东城区
东城区
东城区
东城区
东城区
东城区
东城区
东城区
东城区
朝阳区
朝阳区
朝阳区
朝阳区
朝阳区
丰台区
丰台区
丰台区
丰台区
丰台区
朝阳区
朝阳区
朝阳区
朝阳区
朝阳区
朝阳区
朝阳区
朝阳区
朝阳区
朝阳区
朝阳区
朝阳区
朝阳区
海淀区
海淀区
海淀区
海淀区
朝阳区
朝阳区
朝阳区
朝阳区
朝阳区
朝阳区
朝阳区
朝阳区
朝阳区
朝阳区
朝阳区
朝阳区
朝阳区
朝阳区
朝阳区
朝阳区
朝阳区
朝阳区
朝阳区
朝阳区
朝阳区
朝阳区
朝阳区
朝阳区
朝阳区
东城区
东城区
西城区
西城区
海淀区
朝阳区
朝阳区
朝阳区
丰台区
丰台区
丰台区
朝阳区
朝阳区
丰台区
丰台区
丰台区
朝阳区
朝阳区
朝阳区
朝阳区
东城区
东城区
东城区
东城区
东城区
东城区
东城区
朝阳区
朝阳区
朝阳区
东城区
东城区
朝阳区
丰台区
丰台区
丰台区
朝阳区
朝阳区
朝阳区
朝阳区
朝阳区
朝阳区
朝阳区
朝阳区
朝阳区
朝阳区
朝阳区
朝阳区
朝阳区
朝阳区
朝阳区
朝阳区
朝阳区
朝阳区
朝阳区
通州区
通州区
朝阳区
朝阳区
朝阳区
朝阳区
通州区
通州区
朝阳区
朝阳区
通州区
朝阳区
朝阳区
朝阳区
朝阳区
朝阳区
朝阳区
东城区
朝阳区
朝阳区
朝阳区
朝阳区
朝阳区
朝阳区
朝阳区
朝阳区
朝阳区
朝阳区
朝阳区
朝阳区
朝阳区
海淀区
海淀区
丰台区
丰台区
丰台区
丰台区
朝阳区
朝阳区
朝阳区
丰台区
丰台区
丰台区
丰台区
东城区
东城区
东城区
朝阳区
朝阳区
朝阳区
朝阳区
朝阳区
朝阳区
朝阳区
朝阳区
朝阳区
朝阳区
朝阳区
朝阳区
朝阳区
朝阳区
朝阳区
大兴区
大兴区
大兴区
大兴区
大兴区
房山区
房山区
房山区
石景山区
石景山区
朝阳区
朝阳区
朝阳区
朝阳区
朝阳区
朝阳区
朝阳区
朝阳区
朝阳区
朝阳区
东城区
东城区
东城区
东城区
东城区
东城区
东城区
东城区
朝阳区
朝阳区
朝阳区
朝阳区
朝阳区
朝阳区
朝阳区
通州区
通州区
通州区
朝阳区
朝阳区
朝阳区
大兴区
大兴区
大兴区
昌平区
昌平区
昌平区
昌平区
昌平区
昌平区
昌平区
昌平区
朝阳区
朝阳区
朝阳区
朝阳区
东城区
东城区
东城区
东城区
东城区
朝阳区
朝阳区
朝阳区
朝阳区
朝阳区
朝阳区
朝阳区
朝阳区
朝阳区
朝阳区
朝阳区
朝阳区
朝阳区
东城区
东城区
东城区
东城区
石景山区
石景山区
石景山区
石景山区
石景山区
石景山区
石景山区
石景山区
石景山区
海淀区
石景山区
石景山区
石景山区
石景山区
东城区
东城区
东城区
东城区
东城区
东城区
东城区
东城区
东城区
东城区
东城区
东城区
东城区
东城区
东城区
东城区
东城区
东城区
朝阳区
朝阳区
朝阳区
朝阳区
朝阳区
朝阳区
朝阳区
朝阳区
朝阳区
朝阳区
朝阳区
朝阳区
朝阳区
朝阳区
朝阳区
朝阳区
朝阳区
朝阳区
朝阳区
朝阳区
朝阳区
朝阳区
朝阳区
朝阳区
朝阳区
朝阳区
丰台区
丰台区
丰台区
丰台区
丰台区
丰台区
丰台区
丰台区
丰台区
丰台区
丰台区
丰台区
丰台区
丰台区
丰台区
朝阳区
朝阳区
朝阳区
朝阳区
东城区
朝阳区
东城区
朝阳区
东城区
朝阳区
昌平区
昌平区
朝阳区
东城区
朝阳区
昌平区
昌平区
东城区
东城区
东城区
东城区
朝阳区
东城区
东城区
朝阳区
朝阳区
东城区
东城区
朝阳区
东城区
东城区
东城区
东城区
东城区
朝阳区
东城区
朝阳区
东城区
东城区
朝阳区
朝阳区
朝阳区
朝阳区
朝阳区
朝阳区
朝阳区
朝阳区
朝阳区
朝阳区
朝阳区
朝阳区
东城区
朝阳区
朝阳区
朝阳区
朝阳区
朝阳区
朝阳区
朝阳区
朝阳区
朝阳区
朝阳区
朝阳区
朝阳区
朝阳区
朝阳区
朝阳区
朝阳区
大兴区
大兴区
大兴区
大兴区
朝阳区
朝阳区
朝阳区
朝阳区
朝阳区
朝阳区
朝阳区
朝阳区
朝阳区
朝阳区
丰台区
丰台区
丰台区
丰台区
朝阳区
朝阳区
朝阳区
朝阳区
朝阳区
朝阳区
朝阳区
丰台区
丰台区
丰台区
丰台区
丰台区
大兴区
丰台区
大兴区
朝阳区
朝阳区
朝阳区
朝阳区
朝阳区
朝阳区
朝阳区
朝阳区
朝阳区
大兴区
大兴区
大兴区
大兴区
大兴区
大兴区
大兴区
大兴区
大兴区
大兴区
朝阳区
朝阳区
朝阳区
朝阳区
朝阳区
朝阳区
朝阳区
丰台区
丰台区
丰台区
丰台区
丰台区
丰台区
丰台区
丰台区
朝阳区
朝阳区
朝阳区
朝阳区
朝阳区
朝阳区
朝阳区
朝阳区
朝阳区
朝阳区
朝阳区
朝阳区
朝阳区
朝阳区
朝阳区
朝阳区
朝阳区
朝阳区
朝阳区
朝阳区
朝阳区
朝阳区
朝阳区
朝阳区
朝阳区
朝阳区
丰台区
丰台区
丰台区
东城区
东城区
东城区
东城区
东城区
东城区
东城区
东城区
东城区
东城区
朝阳区
朝阳区
朝阳区
朝阳区
朝阳区
丰台区
丰台区
丰台区
丰台区
朝阳区
朝阳区
朝阳区
朝阳区
朝阳区
朝阳区
朝阳区
朝阳区
朝阳区
朝阳区
朝阳区
朝阳区
朝阳区
朝阳区
朝阳区
朝阳区
朝阳区
朝阳区
朝阳区
朝阳区
丰台区
丰台区
丰台区
朝阳区
朝阳区
朝阳区
朝阳区
朝阳区
昌平区
昌平区
昌平区
昌平区
昌平区
朝阳区
朝阳区
朝阳区
朝阳区
朝阳区
朝阳区
朝阳区
朝阳区
朝阳区
东城区
东城区
东城区
东城区
朝阳区
朝阳区
朝阳区
朝阳区
朝阳区
朝阳区
朝阳区
朝阳区
朝阳区
东城区
东城区
朝阳区
朝阳区
朝阳区
朝阳区
朝阳区
朝阳区
朝阳区
朝阳区
朝阳区
朝阳区
东城区
东城区
东城区
东城区
东城区
东城区
东城区
东城区
大兴区
大兴区
大兴区
西城区
西城区
西城区
朝阳区
朝阳区
朝阳区
朝阳区
朝阳区
朝阳区
朝阳区
朝阳区
朝阳区
朝阳区
朝阳区
朝阳区
朝阳区
房山区
通州区
通州区
大兴区
通州区
通州区
通州区
通州区
通州区
朝阳区
朝阳区
朝阳区
朝阳区
朝阳区
朝阳区
朝阳区
朝阳区
朝阳区
朝阳区
朝阳区
通州区
通州区
朝阳区
朝阳区
朝阳区
朝阳区
朝阳区
朝阳区
丰台区
丰台区
丰台区
丰台区
丰台区
通州区
通州区
通州区
海淀区
海淀区
海淀区
海淀区
海淀区
丰台区
丰台区
丰台区
丰台区
昌平区
昌平区
昌平区
朝阳区
朝阳区
朝阳区
朝阳区
朝阳区
海淀区
海淀区
朝阳区
朝阳区
朝阳区
朝阳区
朝阳区
西城区
西城区
西城区
西城区
西城区
西城区
西城区
西城区
朝阳区
朝阳区
朝阳区
朝阳区
丰台区
丰台区
丰台区
石景山区
石景山区
石景山区
石景山区
石景山区
昌平区
海淀区
海淀区
海淀区
海淀区
石景山区
石景山区
石景山区
石景山区
石景山区
丰台区
丰台区
丰台区
丰台区
丰台区
朝阳区
朝阳区
朝阳区
朝阳区
朝阳区
朝阳区
朝阳区
朝阳区
东城区
东城区
东城区
东城区
东城区
昌平区
昌平区
昌平区
昌平区
昌平区
通州区
通州区
朝阳区
朝阳区
朝阳区
朝阳区
朝阳区
朝阳区
朝阳区
朝阳区
朝阳区
朝阳区
朝阳区
朝阳区
朝阳区
海淀区
海淀区
海淀区
海淀区
海淀区
朝阳区
朝阳区
朝阳区
海淀区
海淀区
海淀区
海淀区
海淀区
朝阳区
朝阳区
朝阳区
朝阳区
海淀区
海淀区
海淀区
海淀区
朝阳区
东城区
东城区
东城区
东城区
东城区
海淀区
海淀区
海淀区
海淀区
朝阳区
朝阳区
朝阳区
朝阳区
海淀区
海淀区
海淀区
朝阳区
朝阳区
朝阳区
朝阳区
丰台区
丰台区
丰台区
丰台区
丰台区
丰台区
丰台区
丰台区
朝阳区
丰台区
朝阳区
朝阳区
丰台区
丰台区
丰台区
丰台区
丰台区
朝阳区
朝阳区
朝阳区
朝阳区
朝阳区
通州区
通州区
通州区
通州区
通州区
海淀区
海淀区
海淀区
海淀区
海淀区
海淀区
海淀区
海淀区
通州区
通州区
通州区
通州区
通州区
丰台区
丰台区
丰台区
丰台区
朝阳区
朝阳区
朝阳区
朝阳区
丰台区
丰台区
丰台区
丰台区
丰台区
朝阳区
朝阳区
朝阳区
朝阳区
朝阳区
朝阳区
朝阳区
朝阳区
朝阳区
朝阳区
朝阳区
朝阳区
朝阳区
朝阳区
东城区
东城区
东城区
东城区
东城区
东城区
东城区
东城区
东城区
东城区
海淀区
海淀区
海淀区
海淀区
海淀区
丰台区
房山区
房山区
房山区
朝阳区
朝阳区
朝阳区
朝阳区
朝阳区
通州区
通州区
大兴区
大兴区
大兴区
大兴区
大兴区
朝阳区
朝阳区
朝阳区
朝阳区
朝阳区
海淀区
海淀区
海淀区
海淀区
朝阳区
朝阳区
朝阳区
朝阳区
朝阳区
朝阳区
朝阳区
丰台区
丰台区
丰台区
丰台区
丰台区
丰台区
丰台区
海淀区
海淀区
海淀区
海淀区
朝阳区
朝阳区
朝阳区
朝阳区
朝阳区
朝阳区
朝阳区
朝阳区
朝阳区
海淀区
海淀区
海淀区
朝阳区
朝阳区
朝阳区
朝阳区
朝阳区
朝阳区
朝阳区
朝阳区
朝阳区
朝阳区
朝阳区
朝阳区
朝阳区
朝阳区
朝阳区
朝阳区
朝阳区
朝阳区
朝阳区
朝阳区
丰台区
丰台区
朝阳区
朝阳区
朝阳区
朝阳区
朝阳区
朝阳区
朝阳区
朝阳区
朝阳区
朝阳区
朝阳区
丰台区
丰台区
丰台区
丰台区
丰台区
丰台区
朝阳区
朝阳区
朝阳区
朝阳区
朝阳区
朝阳区
朝阳区
朝阳区
朝阳区
朝阳区
朝阳区
朝阳区
朝阳区
朝阳区
昌平区
海淀区
海淀区
海淀区
海淀区
海淀区
朝阳区
朝阳区
朝阳区
朝阳区
丰台区
丰台区
丰台区
丰台区
海淀区
海淀区
海淀区
大兴区
大兴区
大兴区
大兴区
大兴区
大兴区
大兴区
大兴区
大兴区
丰台区
丰台区
丰台区
丰台区
房山区
房山区
房山区
房山区
房山区
朝阳区
朝阳区
朝阳区
朝阳区
朝阳区
朝阳区
朝阳区
朝阳区
朝阳区
朝阳区
朝阳区
朝阳区
朝阳区
朝阳区
朝阳区
丰台区
丰台区
丰台区
丰台区
丰台区
丰台区
丰台区
朝阳区
朝阳区
房山区
大兴区
房山区
房山区
房山区
大兴区
大兴区
大兴区
朝阳区
朝阳区
朝阳区
朝阳区
朝阳区
朝阳区
朝阳区
朝阳区
海淀区
海淀区
海淀区
朝阳区
朝阳区
朝阳区
朝阳区
朝阳区
朝阳区
朝阳区
朝阳区
朝阳区
朝阳区
朝阳区
朝阳区
朝阳区
朝阳区
朝阳区
朝阳区
朝阳区
朝阳区
朝阳区
朝阳区
朝阳区
朝阳区
朝阳区
朝阳区
朝阳区
昌平区
昌平区
昌平区
昌平区
丰台区
丰台区
丰台区
丰台区
海淀区
海淀区
海淀区
海淀区
海淀区
朝阳区
朝阳区
朝阳区
朝阳区
昌平区
昌平区
朝阳区
朝阳区
朝阳区
朝阳区
朝阳区
朝阳区
朝阳区
朝阳区
朝阳区
朝阳区
朝阳区
朝阳区
朝阳区
朝阳区
丰台区
丰台区
丰台区
丰台区
丰台区
大兴区
大兴区
大兴区
丰台区
丰台区
丰台区
丰台区
丰台区
丰台区
丰台区
丰台区
丰台区
丰台区
丰台区
丰台区
丰台区
丰台区
朝阳区
朝阳区
朝阳区
朝阳区
朝阳区
朝阳区
朝阳区
朝阳区
朝阳区
西城区
西城区
西城区
西城区
西城区
海淀区
海淀区
海淀区
海淀区
海淀区
朝阳区
朝阳区
朝阳区
朝阳区
朝阳区
朝阳区
朝阳区
朝阳区
朝阳区
朝阳区
朝阳区
朝阳区
朝阳区
朝阳区
朝阳区
朝阳区
朝阳区
朝阳区
通州区
通州区
通州区
朝阳区
朝阳区
朝阳区
朝阳区
朝阳区
海淀区
海淀区
朝阳区
朝阳区
朝阳区
朝阳区
朝阳区
朝阳区
朝阳区
朝阳区
朝阳区
朝阳区
朝阳区
朝阳区
朝阳区
朝阳区
朝阳区
朝阳区
朝阳区
朝阳区
朝阳区
朝阳区
朝阳区
朝阳区
朝阳区
朝阳区
朝阳区
朝阳区
朝阳区
朝阳区
朝阳区
朝阳区
朝阳区
朝阳区
朝阳区
朝阳区
朝阳区
朝阳区
朝阳区
朝阳区
朝阳区
朝阳区
朝阳区
朝阳区
朝阳区
朝阳区
朝阳区
朝阳区
朝阳区
朝阳区
朝阳区
朝阳区
朝阳区
朝阳区
大兴区
大兴区
朝阳区
朝阳区
朝阳区
朝阳区
朝阳区
朝阳区
朝阳区
朝阳区
朝阳区
朝阳区
朝阳区
朝阳区
朝阳区
朝阳区
朝阳区
朝阳区
朝阳区
朝阳区
朝阳区
朝阳区
朝阳区
朝阳区
朝阳区
朝阳区
朝阳区
朝阳区
朝阳区
朝阳区
朝阳区
朝阳区
朝阳区
朝阳区
朝阳区
朝阳区
朝阳区
朝阳区
朝阳区
朝阳区
朝阳区
朝阳区
朝阳区
朝阳区
朝阳区
朝阳区
朝阳区
朝阳区
东城区
东城区
东城区
东城区
东城区
丰台区
丰台区
丰台区
丰台区
丰台区
丰台区
丰台区
丰台区
丰台区
丰台区
丰台区
西城区
西城区
西城区
西城区
西城区
大兴区
大兴区
大兴区
大兴区
大兴区
朝阳区
朝阳区
朝阳区
朝阳区
朝阳区
房山区
房山区
房山区
房山区
通州区
通州区
通州区
通州区
通州区
通州区
通州区
通州区
通州区
通州区
海淀区
海淀区
海淀区
海淀区
海淀区
朝阳区
朝阳区
朝阳区
朝阳区
丰台区
丰台区
丰台区
丰台区
东城区
东城区
东城区
东城区
东城区
东城区
东城区
朝阳区
东城区
东城区
东城区
东城区
朝阳区
东城区
东城区
东城区
东城区
朝阳区
东城区
东城区
东城区
东城区
朝阳区
东城区
东城区
东城区
东城区
朝阳区
朝阳区
朝阳区
大兴区
大兴区
朝阳区
大兴区
朝阳区
朝阳区
朝阳区
朝阳区
朝阳区
朝阳区
朝阳区
朝阳区
朝阳区
朝阳区
朝阳区
通州区
通州区
通州区
通州区
通州区
朝阳区
朝阳区
朝阳区
朝阳区
朝阳区
朝阳区
朝阳区
朝阳区
朝阳区
朝阳区
石景山区
石景山区
石景山区
朝阳区
朝阳区
朝阳区
朝阳区
朝阳区
丰台区
丰台区
丰台区
丰台区
丰台区
丰台区
丰台区
丰台区
海淀区
海淀区
海淀区
丰台区
丰台区
丰台区
丰台区
东城区
东城区
东城区
大兴区
大兴区
大兴区
大兴区
大兴区
朝阳区
朝阳区
朝阳区
朝阳区
朝阳区
西城区
西城区
西城区
海淀区
海淀区
朝阳区
朝阳区
朝阳区
朝阳区
朝阳区
朝阳区
朝阳区
朝阳区
朝阳区
朝阳区
朝阳区
朝阳区
西城区
西城区
西城区
丰台区
丰台区
丰台区
丰台区
丰台区
丰台区
丰台区
丰台区
丰台区
丰台区
丰台区
丰台区
丰台区
丰台区
丰台区
丰台区
丰台区
丰台区
丰台区
丰台区
丰台区
丰台区
丰台区
丰台区
西城区
朝阳区
朝阳区
朝阳区
朝阳区
朝阳区
朝阳区
朝阳区
朝阳区
朝阳区
朝阳区
朝阳区
丰台区
丰台区
丰台区
丰台区
丰台区
丰台区
丰台区
丰台区
朝阳区
西城区
西城区
西城区
西城区
朝阳区
朝阳区
朝阳区
朝阳区
房山区
房山区
房山区
房山区
房山区
朝阳区
海淀区
海淀区
海淀区
海淀区
海淀区
海淀区
海淀区
海淀区
海淀区
海淀区
海淀区
海淀区
海淀区
海淀区
丰台区
丰台区
丰台区
丰台区
朝阳区
朝阳区
朝阳区
朝阳区
朝阳区
朝阳区
朝阳区
朝阳区
朝阳区
朝阳区
朝阳区
朝阳区
朝阳区
朝阳区
朝阳区
朝阳区
朝阳区
朝阳区
朝阳区
朝阳区
朝阳区
朝阳区
朝阳区
朝阳区
朝阳区
朝阳区
朝阳区
朝阳区
通州区
通州区
通州区
通州区
通州区
丰台区
丰台区
丰台区
丰台区
丰台区
朝阳区
朝阳区
朝阳区
朝阳区
朝阳区
朝阳区
朝阳区
朝阳区
朝阳区
朝阳区
海淀区
海淀区
海淀区
海淀区
海淀区
海淀区
海淀区
海淀区
海淀区
海淀区
海淀区
海淀区
海淀区
海淀区
朝阳区
朝阳区
朝阳区
朝阳区
朝阳区
朝阳区
朝阳区
大兴区
大兴区
大兴区
朝阳区
朝阳区
通州区
通州区
通州区
丰台区
丰台区
丰台区
丰台区
丰台区
丰台区
丰台区
丰台区
丰台区
丰台区
石景山区
石景山区
石景山区
石景山区
石景山区
石景山区
石景山区
石景山区
石景山区
石景山区
丰台区
丰台区
丰台区
丰台区
丰台区
丰台区
丰台区
丰台区
丰台区
丰台区
丰台区
丰台区
丰台区
丰台区
朝阳区
朝阳区
朝阳区
朝阳区
朝阳区
海淀区
海淀区
海淀区
海淀区
海淀区
大兴区
大兴区
大兴区
大兴区
丰台区
丰台区
丰台区
丰台区
丰台区
海淀区
海淀区
海淀区
海淀区
海淀区
海淀区
海淀区
海淀区
朝阳区
朝阳区
朝阳区
朝阳区
朝阳区
朝阳区
大兴区
大兴区
大兴区
大兴区
大兴区
朝阳区
朝阳区
朝阳区
海淀区
海淀区
海淀区
海淀区
海淀区
海淀区
海淀区
大兴区
大兴区
大兴区
大兴区
朝阳区
朝阳区
朝阳区
朝阳区
朝阳区
朝阳区
朝阳区
朝阳区
西城区
西城区
西城区
西城区
朝阳区
朝阳区
朝阳区
朝阳区
朝阳区
朝阳区
朝阳区
朝阳区
朝阳区
朝阳区
朝阳区
朝阳区
通州区
通州区
通州区
通州区
通州区
朝阳区
朝阳区
朝阳区
朝阳区
东城区
东城区
东城区
东城区
海淀区
海淀区
海淀区
海淀区
西城区
西城区
朝阳区
海淀区
海淀区
海淀区
海淀区
海淀区
海淀区
海淀区
海淀区
海淀区
海淀区
海淀区
海淀区
海淀区
西城区
朝阳区
朝阳区
朝阳区
朝阳区
大兴区
大兴区
大兴区
大兴区
大兴区
朝阳区
朝阳区
朝阳区
朝阳区
朝阳区
朝阳区
朝阳区
朝阳区
朝阳区
朝阳区
海淀区
海淀区
海淀区
海淀区
丰台区
西城区
西城区
大兴区
大兴区
大兴区
大兴区
朝阳区
朝阳区
朝阳区
朝阳区
朝阳区
海淀区
海淀区
海淀区
海淀区
丰台区
丰台区
丰台区
丰台区
丰台区
丰台区
海淀区
海淀区
海淀区
海淀区
海淀区
海淀区
海淀区
海淀区
海淀区
丰台区
丰台区
丰台区
丰台区
丰台区
丰台区
丰台区
丰台区
丰台区
朝阳区
朝阳区
朝阳区
朝阳区
朝阳区
朝阳区
朝阳区
朝阳区
朝阳区
朝阳区
朝阳区
朝阳区
昌平区
昌平区
昌平区
昌平区
海淀区
海淀区
海淀区
海淀区
海淀区
海淀区
朝阳区
朝阳区
朝阳区
海淀区
海淀区
海淀区
海淀区
朝阳区
朝阳区
朝阳区
朝阳区
朝阳区
朝阳区
朝阳区
朝阳区
朝阳区
大兴区
大兴区
大兴区
大兴区
朝阳区
朝阳区
朝阳区
东城区
东城区
朝阳区
朝阳区
朝阳区
朝阳区
通州区
大兴区
通州区
大兴区
通州区
朝阳区
朝阳区
朝阳区
朝阳区
丰台区
丰台区
丰台区
丰台区
朝阳区
朝阳区
朝阳区
朝阳区
朝阳区
丰台区
丰台区
丰台区
丰台区
丰台区
朝阳区
朝阳区
朝阳区
朝阳区
朝阳区
丰台区
丰台区
丰台区
丰台区
丰台区
朝阳区
朝阳区
朝阳区
朝阳区
朝阳区
通州区
通州区
通州区
通州区
通州区
通州区
朝阳区
朝阳区
朝阳区
通州区
通州区
朝阳区
朝阳区
朝阳区
通州区
通州区
朝阳区
朝阳区
朝阳区
朝阳区
朝阳区
朝阳区
西城区
丰台区
丰台区
丰台区
朝阳区
朝阳区
朝阳区
朝阳区
朝阳区
朝阳区
朝阳区
朝阳区
朝阳区
朝阳区
丰台区
丰台区
丰台区
丰台区
朝阳区
朝阳区
朝阳区
朝阳区
丰台区
丰台区
丰台区
朝阳区
丰台区
丰台区
丰台区
丰台区
丰台区
朝阳区
朝阳区
朝阳区
朝阳区
大兴区
大兴区
大兴区
大兴区
朝阳区
丰台区
丰台区
丰台区
丰台区
丰台区
丰台区
丰台区
丰台区
丰台区
朝阳区
丰台区
丰台区
朝阳区
朝阳区
朝阳区
朝阳区
朝阳区
朝阳区
丰台区
丰台区
丰台区
丰台区
丰台区
丰台区
丰台区
朝阳区
朝阳区
朝阳区
朝阳区
朝阳区
海淀区
海淀区
海淀区
海淀区
海淀区
朝阳区
朝阳区
朝阳区
朝阳区
朝阳区
朝阳区
朝阳区
朝阳区
朝阳区
石景山区
石景山区
石景山区
石景山区
石景山区
海淀区
海淀区
海淀区
海淀区
海淀区
朝阳区
朝阳区
朝阳区
朝阳区
朝阳区
朝阳区
朝阳区
朝阳区
朝阳区
朝阳区
朝阳区
朝阳区
朝阳区
丰台区
朝阳区
朝阳区
朝阳区
西城区
西城区
西城区
西城区
西城区
西城区
西城区
西城区
西城区
西城区
丰台区
朝阳区
西城区
西城区
西城区
西城区
朝阳区
朝阳区
朝阳区
朝阳区
朝阳区
朝阳区
朝阳区
朝阳区
朝阳区
朝阳区
朝阳区
朝阳区
朝阳区
海淀区
海淀区
海淀区
海淀区
朝阳区
东城区
朝阳区
朝阳区
朝阳区
朝阳区
东城区
朝阳区
朝阳区
朝阳区
通州区
通州区
通州区
通州区
丰台区
丰台区
丰台区
丰台区
丰台区
丰台区
丰台区
门头沟区
门头沟区
门头沟区
门头沟区
朝阳区
朝阳区
朝阳区
朝阳区
朝阳区
朝阳区
朝阳区
朝阳区
朝阳区
朝阳区
朝阳区
朝阳区
朝阳区
丰台区
丰台区
丰台区
丰台区
丰台区
丰台区
丰台区
丰台区
朝阳区
朝阳区
朝阳区
朝阳区
朝阳区
朝阳区
丰台区
丰台区
丰台区
丰台区
房山区
房山区
房山区
房山区
房山区
丰台区
丰台区
丰台区
丰台区
西城区
丰台区
丰台区
丰台区
丰台区
丰台区
朝阳区
朝阳区
朝阳区
东城区
朝阳区
朝阳区
朝阳区
东城区
门头沟区
门头沟区
门头沟区
门头沟区
门头沟区
海淀区
海淀区
海淀区
海淀区
海淀区
丰台区
丰台区
丰台区
丰台区
丰台区
丰台区
丰台区
丰台区
丰台区
朝阳区
朝阳区
朝阳区
朝阳区
朝阳区
朝阳区
朝阳区
朝阳区
朝阳区
朝阳区
朝阳区
朝阳区
朝阳区
朝阳区
朝阳区
朝阳区
朝阳区
朝阳区
朝阳区
海淀区
海淀区
朝阳区
朝阳区
朝阳区
朝阳区
朝阳区
朝阳区
朝阳区
朝阳区
朝阳区
朝阳区
朝阳区
朝阳区
朝阳区
门头沟区
海淀区
海淀区
海淀区
海淀区
海淀区
东城区
东城区
东城区
海淀区
海淀区
海淀区
海淀区
东城区
东城区
东城区
海淀区
海淀区
海淀区
海淀区
丰台区
丰台区
丰台区
丰台区
丰台区
丰台区
丰台区
丰台区
丰台区
丰台区
朝阳区
朝阳区
朝阳区
大兴区
大兴区
丰台区
丰台区
丰台区
丰台区
丰台区
丰台区
丰台区
丰台区
丰台区
海淀区
海淀区
海淀区
海淀区
海淀区
朝阳区
朝阳区
朝阳区
朝阳区
东城区
东城区
东城区
东城区
东城区
海淀区
海淀区
海淀区
海淀区
朝阳区
朝阳区
朝阳区
朝阳区
朝阳区
东城区
东城区
通州区
通州区
通州区
朝阳区
朝阳区
朝阳区
朝阳区
朝阳区
朝阳区
丰台区
大兴区
丰台区
丰台区
丰台区
大兴区
丰台区
丰台区
朝阳区
朝阳区
朝阳区
朝阳区
丰台区
丰台区
丰台区
丰台区
丰台区
丰台区
丰台区
丰台区
朝阳区
海淀区
海淀区
海淀区
朝阳区
朝阳区
朝阳区
朝阳区
朝阳区
朝阳区
朝阳区
朝阳区
朝阳区
朝阳区
丰台区
朝阳区
朝阳区
朝阳区
丰台区
丰台区
朝阳区
朝阳区
朝阳区
丰台区
朝阳区
朝阳区
朝阳区
朝阳区
朝阳区
朝阳区
朝阳区
朝阳区
朝阳区
丰台区
丰台区
朝阳区
朝阳区
朝阳区
丰台区
丰台区
丰台区
丰台区
丰台区
丰台区
丰台区
丰台区
丰台区
朝阳区
朝阳区
朝阳区
顺义区
顺义区
朝阳区
朝阳区
朝阳区
朝阳区
朝阳区
朝阳区
朝阳区
朝阳区
西城区
朝阳区
朝阳区
朝阳区
朝阳区
朝阳区
朝阳区
朝阳区
朝阳区
朝阳区
东城区
东城区
东城区
东城区
朝阳区
丰台区
丰台区
丰台区
丰台区
丰台区
朝阳区
朝阳区
朝阳区
朝阳区
朝阳区
朝阳区
朝阳区
朝阳区
朝阳区
朝阳区
朝阳区
朝阳区
朝阳区
朝阳区
朝阳区
朝阳区
海淀区
海淀区
海淀区
海淀区
朝阳区
朝阳区
朝阳区
朝阳区
朝阳区
朝阳区
朝阳区
朝阳区
朝阳区
朝阳区
朝阳区
朝阳区
丰台区
丰台区
丰台区
丰台区
朝阳区
丰台区
丰台区
朝阳区
朝阳区
朝阳区
朝阳区
朝阳区
朝阳区
朝阳区
朝阳区
朝阳区
朝阳区
朝阳区
朝阳区
朝阳区
朝阳区
朝阳区
海淀区
海淀区
海淀区
海淀区
海淀区
东城区
东城区
东城区
东城区
东城区
东城区
东城区
东城区
东城区
东城区
朝阳区
朝阳区
朝阳区
朝阳区
朝阳区
东城区
东城区
东城区
东城区
东城区
通州区
通州区
通州区
朝阳区
朝阳区
朝阳区
朝阳区
丰台区
丰台区
丰台区
丰台区
东城区
东城区
东城区
东城区
东城区
丰台区
丰台区
丰台区
丰台区
丰台区
丰台区
丰台区
丰台区
丰台区
丰台区
海淀区
海淀区
海淀区
朝阳区
朝阳区
朝阳区
朝阳区
朝阳区
海淀区
海淀区
海淀区
海淀区
海淀区
海淀区
海淀区
海淀区
西城区
海淀区
海淀区
海淀区
海淀区
海淀区
海淀区
海淀区
海淀区
海淀区
海淀区
海淀区
海淀区
东城区
东城区
东城区
东城区
东城区
朝阳区
朝阳区
朝阳区
朝阳区
东城区
东城区
东城区
昌平区
昌平区
昌平区
昌平区
昌平区
东城区
朝阳区
东城区
东城区
东城区
西城区
西城区
西城区
西城区
西城区
朝阳区
朝阳区
朝阳区
朝阳区
东城区
东城区
东城区
东城区
东城区
东城区
东城区
东城区
朝阳区
朝阳区
朝阳区
朝阳区
朝阳区
朝阳区
朝阳区
朝阳区
朝阳区
海淀区
海淀区
海淀区
海淀区
海淀区
海淀区
海淀区
海淀区
海淀区
东城区
东城区
东城区
丰台区
丰台区
丰台区
丰台区
丰台区
丰台区
东城区
朝阳区
朝阳区
朝阳区
丰台区
丰台区
丰台区
丰台区
海淀区
海淀区
海淀区
海淀区
大兴区
大兴区
大兴区
大兴区
石景山区
海淀区
石景山区
石景山区
石景山区
朝阳区
朝阳区
朝阳区
朝阳区
朝阳区
朝阳区
朝阳区
朝阳区
通州区
通州区
通州区
通州区
通州区
朝阳区
朝阳区
朝阳区
朝阳区
朝阳区
朝阳区
朝阳区
朝阳区
朝阳区
门头沟区
门头沟区
门头沟区
门头沟区
门头沟区
丰台区
丰台区
丰台区
丰台区
丰台区
海淀区
海淀区
海淀区
海淀区
东城区
东城区
东城区
东城区
东城区
朝阳区
朝阳区
朝阳区
朝阳区
大兴区
大兴区
大兴区
顺义区
顺义区
通州区
通州区
通州区
通州区
通州区
通州区
通州区
通州区
朝阳区
朝阳区
朝阳区
丰台区
丰台区
丰台区
丰台区
海淀区
海淀区
海淀区
海淀区
海淀区
海淀区
海淀区
大兴区
大兴区
大兴区
大兴区
大兴区
朝阳区
朝阳区
朝阳区
朝阳区
朝阳区
朝阳区
朝阳区
朝阳区
朝阳区
朝阳区
朝阳区
朝阳区
朝阳区
朝阳区
朝阳区
朝阳区
朝阳区
朝阳区
朝阳区
朝阳区
朝阳区
朝阳区
朝阳区
朝阳区
海淀区
海淀区
海淀区
朝阳区
朝阳区
朝阳区
朝阳区
朝阳区
朝阳区
朝阳区
大兴区
大兴区
大兴区
大兴区
大兴区
朝阳区
朝阳区
朝阳区
朝阳区
朝阳区
朝阳区
朝阳区
朝阳区
朝阳区
朝阳区
朝阳区
朝阳区
朝阳区
朝阳区
朝阳区
朝阳区
朝阳区
东城区
东城区
东城区
海淀区
海淀区
海淀区
海淀区
海淀区
丰台区
丰台区
丰台区
丰台区
丰台区
丰台区
丰台区
丰台区
丰台区
丰台区
东城区
东城区
东城区
东城区
东城区
东城区
丰台区
丰台区
丰台区
丰台区
丰台区
朝阳区
朝阳区
朝阳区
朝阳区
东城区
朝阳区
朝阳区
朝阳区
朝阳区
朝阳区
朝阳区
朝阳区
海淀区
海淀区
海淀区
海淀区
朝阳区
朝阳区
大兴区
大兴区
丰台区
大兴区
朝阳区
朝阳区
朝阳区
朝阳区
朝阳区
大兴区
大兴区
大兴区
大兴区
大兴区
朝阳区
朝阳区
朝阳区
朝阳区
朝阳区
朝阳区
通州区
通州区
通州区
通州区
丰台区
丰台区
丰台区
丰台区
丰台区
丰台区
丰台区
丰台区
丰台区
丰台区
东城区
东城区
丰台区
通州区
通州区
昌平区
昌平区
昌平区
昌平区
昌平区
东城区
东城区
东城区
东城区
东城区
西城区
朝阳区
朝阳区
房山区
房山区
房山区
房山区
朝阳区
朝阳区
朝阳区
朝阳区
西城区
西城区
西城区
西城区
西城区
东城区
东城区
东城区
东城区
东城区
东城区
东城区
东城区
东城区
东城区
大兴区
大兴区
大兴区
西城区
西城区
西城区
朝阳区
朝阳区
朝阳区
朝阳区
朝阳区
朝阳区
朝阳区
朝阳区
朝阳区
朝阳区
朝阳区
朝阳区
朝阳区
丰台区
丰台区
丰台区
丰台区
丰台区
丰台区
丰台区
丰台区
丰台区
丰台区
丰台区
丰台区
丰台区
丰台区
丰台区
丰台区
丰台区
丰台区
门头沟区
门头沟区
门头沟区
门头沟区
门头沟区
大兴区
大兴区
大兴区
大兴区
大兴区
大兴区
大兴区
大兴区
大兴区
大兴区
丰台区
丰台区
朝阳区
朝阳区
朝阳区
朝阳区
丰台区
丰台区
丰台区
丰台区
丰台区
丰台区
丰台区
丰台区
朝阳区
朝阳区
朝阳区
朝阳区
朝阳区
朝阳区
朝阳区
朝阳区
丰台区
丰台区
丰台区
朝阳区
朝阳区
朝阳区
朝阳区
朝阳区
朝阳区
朝阳区
朝阳区
朝阳区
朝阳区
朝阳区
大兴区
大兴区
大兴区
大兴区
大兴区
朝阳区
朝阳区
朝阳区
朝阳区
朝阳区
朝阳区
门头沟区
石景山区
石景山区
西城区
大兴区
东城区
东城区
海淀区
西城区
大兴区
东城区
东城区
海淀区
海淀区
海淀区
海淀区
海淀区
海淀区
朝阳区
朝阳区
朝阳区
朝阳区
朝阳区
朝阳区
朝阳区
朝阳区
朝阳区
朝阳区
朝阳区
朝阳区
朝阳区
丰台区
丰台区
丰台区
丰台区
丰台区
昌平区
昌平区
西城区
西城区
西城区
西城区
朝阳区
朝阳区
朝阳区
朝阳区
通州区
通州区
丰台区
丰台区
丰台区
丰台区
丰台区
海淀区
海淀区
海淀区
海淀区
海淀区
海淀区
海淀区
海淀区
海淀区
海淀区
海淀区
海淀区
海淀区
海淀区
海淀区
海淀区
海淀区
海淀区
海淀区
海淀区
朝阳区
朝阳区
朝阳区
朝阳区
朝阳区
朝阳区
朝阳区
朝阳区
朝阳区
丰台区
朝阳区
丰台区
朝阳区
朝阳区
朝阳区
朝阳区
朝阳区
通州区
通州区
通州区
通州区
通州区
通州区
海淀区
海淀区
海淀区
海淀区
海淀区
海淀区
朝阳区
朝阳区
朝阳区
朝阳区
丰台区
丰台区
大兴区
朝阳区
朝阳区
朝阳区
朝阳区
海淀区
海淀区
海淀区
海淀区
海淀区
海淀区
海淀区
海淀区
西城区
昌平区
昌平区
昌平区
丰台区
丰台区
丰台区
丰台区
朝阳区
朝阳区
朝阳区
朝阳区
朝阳区
大兴区
大兴区
大兴区
大兴区
朝阳区
朝阳区
朝阳区
朝阳区
东城区
东城区
东城区
东城区
东城区
东城区
东城区
东城区
东城区
丰台区
丰台区
丰台区
丰台区
朝阳区
朝阳区
朝阳区
朝阳区
朝阳区
丰台区
丰台区
丰台区
丰台区
朝阳区
朝阳区
朝阳区
朝阳区
朝阳区
朝阳区
朝阳区
朝阳区
朝阳区
朝阳区
东城区
东城区
东城区
东城区
东城区
朝阳区
大兴区
朝阳区
朝阳区
大兴区
朝阳区
大兴区
朝阳区
朝阳区
朝阳区
朝阳区
朝阳区
朝阳区
丰台区
丰台区
丰台区
丰台区
朝阳区
朝阳区
朝阳区
丰台区
丰台区
丰台区
丰台区
丰台区
朝阳区
朝阳区
朝阳区
朝阳区
朝阳区
丰台区
丰台区
丰台区
丰台区
海淀区
丰台区
丰台区
海淀区
丰台区
通州区
通州区
通州区
通州区
朝阳区
朝阳区
朝阳区
朝阳区
朝阳区
朝阳区
朝阳区
丰台区
朝阳区
朝阳区
朝阳区
朝阳区
丰台区
朝阳区
朝阳区
朝阳区
朝阳区
朝阳区
朝阳区
朝阳区
朝阳区
朝阳区
丰台区
朝阳区
朝阳区
朝阳区
朝阳区
朝阳区
朝阳区
朝阳区
朝阳区
朝阳区
朝阳区
海淀区
海淀区
海淀区
朝阳区
朝阳区
朝阳区
朝阳区
朝阳区
朝阳区
朝阳区
朝阳区
朝阳区
海淀区
海淀区
海淀区
海淀区
丰台区
丰台区
丰台区
丰台区
丰台区
丰台区
丰台区
丰台区
朝阳区
朝阳区
朝阳区
朝阳区
朝阳区
朝阳区
朝阳区
朝阳区
朝阳区
朝阳区
海淀区
海淀区
海淀区
朝阳区
海淀区
朝阳区
朝阳区
朝阳区
朝阳区
朝阳区
朝阳区
朝阳区
朝阳区
朝阳区
朝阳区
丰台区
丰台区
丰台区
丰台区
通州区
通州区
通州区
朝阳区
朝阳区
朝阳区
朝阳区
朝阳区
朝阳区
朝阳区
朝阳区
朝阳区
西城区
西城区
西城区
西城区
西城区
大兴区
大兴区
大兴区
大兴区
大兴区
朝阳区
朝阳区
朝阳区
朝阳区
朝阳区
朝阳区
朝阳区
朝阳区
通州区
通州区
通州区
通州区
通州区
朝阳区
朝阳区
朝阳区
朝阳区
通州区
通州区
通州区
通州区
朝阳区
朝阳区
朝阳区
朝阳区
朝阳区
通州区
通州区
通州区
朝阳区
朝阳区
朝阳区
朝阳区
朝阳区
丰台区
丰台区
丰台区
丰台区
朝阳区
朝阳区
朝阳区
朝阳区
朝阳区
朝阳区
丰台区
朝阳区
朝阳区
朝阳区
丰台区
丰台区
丰台区
丰台区
丰台区
朝阳区
丰台区
朝阳区
朝阳区
朝阳区
朝阳区
朝阳区
朝阳区
朝阳区
朝阳区
朝阳区
朝阳区
朝阳区
朝阳区
朝阳区
朝阳区
朝阳区
朝阳区
通州区
通州区
通州区
通州区
通州区
大兴区
大兴区
大兴区
大兴区
东城区
东城区
东城区
东城区
东城区
朝阳区
朝阳区
朝阳区
朝阳区
朝阳区
朝阳区
朝阳区
朝阳区
朝阳区
朝阳区
朝阳区
朝阳区
朝阳区
朝阳区
朝阳区
朝阳区
朝阳区
朝阳区
朝阳区
朝阳区
朝阳区
朝阳区
朝阳区
朝阳区
朝阳区
朝阳区
东城区
东城区
东城区
东城区
东城区
东城区
朝阳区
朝阳区
朝阳区
朝阳区
朝阳区
朝阳区
朝阳区
朝阳区
朝阳区
朝阳区
朝阳区
朝阳区
朝阳区
朝阳区
朝阳区
朝阳区
东城区
朝阳区
东城区
海淀区
海淀区
海淀区
海淀区
海淀区
东城区
东城区
东城区
东城区
东城区
门头沟区
门头沟区
门头沟区
门头沟区
朝阳区
朝阳区
房山区
大兴区
大兴区
房山区
房山区
朝阳区
朝阳区
朝阳区
朝阳区
朝阳区
朝阳区
朝阳区
朝阳区
朝阳区
朝阳区
朝阳区
朝阳区
朝阳区
朝阳区
朝阳区
朝阳区
朝阳区
朝阳区
朝阳区
朝阳区
朝阳区
朝阳区
朝阳区
朝阳区
朝阳区
朝阳区
朝阳区
朝阳区
朝阳区
朝阳区
朝阳区
朝阳区
朝阳区
朝阳区
朝阳区
海淀区
海淀区
海淀区
海淀区
海淀区
海淀区
海淀区
海淀区
海淀区
海淀区
海淀区
海淀区
海淀区
海淀区
海淀区
海淀区
海淀区
海淀区
海淀区
海淀区
海淀区
海淀区
海淀区
海淀区
丰台区
丰台区
丰台区
朝阳区
朝阳区
朝阳区
朝阳区
朝阳区
朝阳区
朝阳区
朝阳区
朝阳区
朝阳区
朝阳区
朝阳区
朝阳区
朝阳区
朝阳区
朝阳区
朝阳区
朝阳区
海淀区
海淀区
海淀区
海淀区
海淀区
丰台区
丰台区
丰台区
丰台区
朝阳区
丰台区
丰台区
丰台区
丰台区
丰台区
丰台区
丰台区
丰台区
丰台区
丰台区
丰台区
丰台区
丰台区
丰台区
丰台区
丰台区
丰台区
丰台区
丰台区
丰台区
丰台区
丰台区
丰台区
丰台区
丰台区
丰台区
丰台区
丰台区
丰台区
朝阳区
朝阳区
朝阳区
朝阳区
朝阳区
朝阳区
朝阳区
朝阳区
朝阳区
朝阳区
朝阳区
朝阳区
朝阳区
朝阳区
朝阳区
海淀区
海淀区
海淀区
海淀区
海淀区
朝阳区
朝阳区
朝阳区
朝阳区
朝阳区
朝阳区
朝阳区
朝阳区
朝阳区
朝阳区
石景山区
石景山区
石景山区
石景山区
朝阳区
朝阳区
朝阳区
朝阳区
昌平区
昌平区
昌平区
海淀区
海淀区
海淀区
海淀区
海淀区
朝阳区
朝阳区
朝阳区
朝阳区
朝阳区
大兴区
大兴区
大兴区
大兴区
大兴区
海淀区
海淀区
海淀区
丰台区
大兴区
海淀区
昌平区
昌平区
昌平区
昌平区
朝阳区
朝阳区
朝阳区
朝阳区
朝阳区
朝阳区
朝阳区
朝阳区
朝阳区
朝阳区
朝阳区
朝阳区
朝阳区
朝阳区
朝阳区
朝阳区
朝阳区
朝阳区
朝阳区
朝阳区
朝阳区
朝阳区
石景山区
石景山区
朝阳区
朝阳区
朝阳区
朝阳区
丰台区
丰台区
丰台区
丰台区
朝阳区
朝阳区
朝阳区
朝阳区
朝阳区
朝阳区
朝阳区
朝阳区
朝阳区
朝阳区
东城区
东城区
东城区
东城区
东城区
昌平区
昌平区
昌平区
昌平区
昌平区
朝阳区
朝阳区
朝阳区
朝阳区
朝阳区
朝阳区
朝阳区
朝阳区
朝阳区
朝阳区
朝阳区
朝阳区
朝阳区
朝阳区
丰台区
丰台区
丰台区
丰台区
丰台区
丰台区
丰台区
丰台区
丰台区
丰台区
丰台区
丰台区
丰台区
大兴区
大兴区
通州区
丰台区
丰台区
大兴区
大兴区
通州区
丰台区
大兴区
大兴区
通州区
通州区
丰台区
丰台区
大兴区
大兴区
通州区
朝阳区
朝阳区
朝阳区
朝阳区
朝阳区
朝阳区
朝阳区
朝阳区
朝阳区
通州区
通州区
通州区
通州区
通州区
通州区
通州区
通州区
朝阳区
朝阳区
朝阳区
朝阳区
丰台区
丰台区
丰台区
丰台区
丰台区
丰台区
丰台区
丰台区
丰台区
丰台区
丰台区
朝阳区
朝阳区
朝阳区
朝阳区
朝阳区
丰台区
丰台区
丰台区
丰台区
西城区
西城区
西城区
西城区
西城区
丰台区
丰台区
丰台区
丰台区
海淀区
海淀区
海淀区
海淀区
海淀区
西城区
西城区
西城区
西城区
朝阳区
朝阳区
朝阳区
朝阳区
朝阳区
朝阳区
朝阳区
朝阳区
朝阳区
朝阳区
朝阳区
朝阳区
丰台区
丰台区
丰台区
丰台区
朝阳区
朝阳区
朝阳区
朝阳区
朝阳区
朝阳区
朝阳区
丰台区
丰台区
丰台区
丰台区
丰台区
大兴区
大兴区
大兴区
大兴区
丰台区
大兴区
大兴区
大兴区
大兴区
朝阳区
朝阳区
朝阳区
朝阳区
东城区
东城区
东城区
东城区
东城区
朝阳区
朝阳区
朝阳区
朝阳区
朝阳区
朝阳区
朝阳区
朝阳区
朝阳区
朝阳区
朝阳区
朝阳区
朝阳区
朝阳区
朝阳区
朝阳区
朝阳区
朝阳区
朝阳区
朝阳区
朝阳区
朝阳区
朝阳区
朝阳区
朝阳区
朝阳区
朝阳区
朝阳区
丰台区
丰台区
丰台区
丰台区
丰台区
丰台区
丰台区
朝阳区
朝阳区
朝阳区
朝阳区
朝阳区
丰台区
丰台区
丰台区
丰台区
海淀区
海淀区
海淀区
海淀区
海淀区
东城区
东城区
东城区
东城区
海淀区
海淀区
海淀区
海淀区
海淀区
海淀区
朝阳区
朝阳区
朝阳区
朝阳区
朝阳区
朝阳区
朝阳区
朝阳区
大兴区
大兴区
大兴区
大兴区
海淀区
海淀区
海淀区
海淀区
海淀区
朝阳区
朝阳区
朝阳区
朝阳区
朝阳区
朝阳区
朝阳区
朝阳区
朝阳区
朝阳区
东城区
东城区
西城区
东城区
朝阳区
朝阳区
朝阳区
朝阳区
朝阳区
朝阳区
朝阳区
朝阳区
朝阳区
朝阳区
朝阳区
朝阳区
朝阳区
朝阳区
朝阳区
朝阳区
丰台区
丰台区
丰台区
丰台区
朝阳区
朝阳区
朝阳区
朝阳区
朝阳区
朝阳区
朝阳区
朝阳区
朝阳区
朝阳区
朝阳区
朝阳区
朝阳区
朝阳区
朝阳区
朝阳区
朝阳区
朝阳区
朝阳区
朝阳区
朝阳区
朝阳区
朝阳区
朝阳区
朝阳区
朝阳区
朝阳区
朝阳区
朝阳区
朝阳区
丰台区
丰台区
丰台区
丰台区
丰台区
大兴区
大兴区
大兴区
朝阳区
朝阳区
朝阳区
朝阳区
朝阳区
朝阳区
朝阳区
朝阳区
朝阳区
朝阳区
朝阳区
朝阳区
朝阳区
朝阳区
东城区
东城区
东城区
东城区
东城区
朝阳区
朝阳区
朝阳区
朝阳区
朝阳区
朝阳区
朝阳区
朝阳区
东城区
东城区
丰台区
丰台区
丰台区
丰台区
丰台区
朝阳区
朝阳区
朝阳区
朝阳区
丰台区
丰台区
丰台区
丰台区
丰台区
丰台区
丰台区
丰台区
朝阳区
东城区
东城区
朝阳区
朝阳区
朝阳区
朝阳区
朝阳区
丰台区
丰台区
丰台区
东城区
东城区
东城区
东城区
东城区
海淀区
海淀区
海淀区
东城区
东城区
东城区
东城区
东城区
丰台区
丰台区
丰台区
丰台区
朝阳区
海淀区
海淀区
丰台区
丰台区
海淀区
朝阳区
朝阳区
朝阳区
顺义区
顺义区
通州区
通州区
通州区
通州区
通州区
朝阳区
朝阳区
朝阳区
朝阳区
朝阳区
朝阳区
朝阳区
朝阳区
通州区
通州区
通州区
通州区
通州区
朝阳区
朝阳区
朝阳区
朝阳区
朝阳区
海淀区
海淀区
海淀区
海淀区
海淀区
丰台区
丰台区
房山区
房山区
房山区
朝阳区
朝阳区
朝阳区
朝阳区
朝阳区
朝阳区
朝阳区
朝阳区
朝阳区
朝阳区
朝阳区
朝阳区
朝阳区
朝阳区
朝阳区
朝阳区
朝阳区
朝阳区
朝阳区
朝阳区
朝阳区
朝阳区
朝阳区
朝阳区
朝阳区
朝阳区
朝阳区
通州区
通州区
通州区
通州区
通州区
海淀区
海淀区
海淀区
海淀区
海淀区
丰台区
丰台区
朝阳区
朝阳区
朝阳区
朝阳区
朝阳区
通州区
通州区
通州区
通州区
通州区
朝阳区
海淀区
海淀区
海淀区
朝阳区
朝阳区
朝阳区
朝阳区
西城区
西城区
西城区
丰台区
丰台区
丰台区
丰台区
朝阳区
朝阳区
朝阳区
朝阳区
朝阳区
朝阳区
朝阳区
朝阳区
朝阳区
朝阳区
朝阳区
朝阳区
朝阳区
朝阳区
朝阳区
朝阳区
海淀区
朝阳区
朝阳区
朝阳区
朝阳区
朝阳区
朝阳区
朝阳区
朝阳区
西城区
西城区
西城区
西城区
朝阳区
丰台区
朝阳区
丰台区
丰台区
丰台区
丰台区
丰台区
丰台区
东城区
东城区
东城区
东城区
西城区
朝阳区
朝阳区
朝阳区
朝阳区
朝阳区
朝阳区
朝阳区
朝阳区
朝阳区
朝阳区
朝阳区
朝阳区
朝阳区
朝阳区
朝阳区
朝阳区
朝阳区
朝阳区
朝阳区
东城区
朝阳区
朝阳区
东城区
东城区
朝阳区
东城区
朝阳区
朝阳区
东城区
朝阳区
朝阳区
朝阳区
朝阳区
朝阳区
朝阳区
东城区
朝阳区
东城区
朝阳区
东城区
朝阳区
朝阳区
东城区
丰台区
丰台区
丰台区
丰台区
丰台区
丰台区
丰台区
丰台区
丰台区
丰台区
昌平区
昌平区
昌平区
朝阳区
朝阳区
朝阳区
朝阳区
朝阳区
朝阳区
朝阳区
朝阳区
朝阳区
朝阳区
朝阳区
朝阳区
朝阳区
朝阳区
朝阳区
朝阳区
朝阳区
朝阳区
朝阳区
朝阳区
朝阳区
朝阳区
朝阳区
朝阳区
朝阳区
朝阳区
朝阳区
朝阳区
朝阳区
朝阳区
朝阳区
朝阳区
朝阳区
朝阳区
朝阳区
朝阳区
朝阳区
朝阳区
朝阳区
朝阳区
朝阳区
朝阳区
朝阳区
朝阳区
朝阳区
朝阳区
朝阳区
海淀区
海淀区
海淀区
海淀区
海淀区
丰台区
丰台区
丰台区
丰台区
丰台区
大兴区
大兴区
大兴区
大兴区
丰台区
丰台区
丰台区
丰台区
丰台区
丰台区
朝阳区
朝阳区
朝阳区
朝阳区
大兴区
大兴区
朝阳区
朝阳区
朝阳区
朝阳区
昌平区
昌平区
昌平区
昌平区
朝阳区
朝阳区
朝阳区
朝阳区
朝阳区
朝阳区
朝阳区
朝阳区
朝阳区
朝阳区
丰台区
丰台区
丰台区
丰台区
丰台区
丰台区
丰台区
丰台区
丰台区
朝阳区
朝阳区
朝阳区
朝阳区
朝阳区
海淀区
朝阳区
朝阳区
朝阳区
东城区
朝阳区
朝阳区
朝阳区
朝阳区
朝阳区
朝阳区
朝阳区
朝阳区
朝阳区
朝阳区
朝阳区
朝阳区
朝阳区
朝阳区
东城区
东城区
东城区
东城区
朝阳区
朝阳区
朝阳区
朝阳区
朝阳区
昌平区
昌平区
昌平区
昌平区
朝阳区
朝阳区
朝阳区
朝阳区
朝阳区
朝阳区
朝阳区
朝阳区
朝阳区
朝阳区
朝阳区
朝阳区
朝阳区
朝阳区
朝阳区
东城区
东城区
东城区
朝阳区
东城区
朝阳区
朝阳区
朝阳区
东城区
东城区
通州区
通州区
通州区
通州区
通州区
昌平区
昌平区
昌平区
朝阳区
朝阳区
朝阳区
朝阳区
朝阳区
朝阳区
朝阳区
朝阳区
朝阳区
海淀区
东城区
西城区
朝阳区
朝阳区
朝阳区
朝阳区
朝阳区
朝阳区
朝阳区
朝阳区
朝阳区
朝阳区
朝阳区
朝阳区
大兴区
大兴区
大兴区
大兴区
大兴区
朝阳区
朝阳区
朝阳区
朝阳区
大兴区
海淀区
海淀区
海淀区
海淀区
海淀区
海淀区
海淀区
海淀区
海淀区
海淀区
海淀区
海淀区
海淀区
海淀区
海淀区
丰台区
丰台区
丰台区
丰台区
朝阳区
朝阳区
朝阳区
朝阳区
朝阳区
朝阳区
朝阳区
朝阳区
朝阳区
朝阳区
朝阳区
朝阳区
朝阳区
朝阳区
朝阳区
朝阳区
朝阳区
朝阳区
朝阳区
朝阳区
丰台区
丰台区
丰台区
朝阳区
朝阳区
朝阳区
朝阳区
朝阳区
朝阳区
朝阳区
朝阳区
朝阳区
朝阳区
朝阳区
朝阳区
朝阳区
通州区
通州区
通州区
朝阳区
朝阳区
朝阳区
朝阳区
朝阳区
朝阳区
朝阳区
朝阳区
朝阳区
丰台区
丰台区
丰台区
丰台区
丰台区
海淀区
海淀区
海淀区
海淀区
朝阳区
朝阳区
朝阳区
朝阳区
朝阳区
朝阳区
朝阳区
朝阳区
丰台区
丰台区
丰台区
石景山区
石景山区
石景山区
石景山区
石景山区
朝阳区
朝阳区
朝阳区
朝阳区
朝阳区
朝阳区
朝阳区
朝阳区
朝阳区
朝阳区
朝阳区
朝阳区
朝阳区
朝阳区
朝阳区
朝阳区
朝阳区
朝阳区
朝阳区
朝阳区
朝阳区
朝阳区
丰台区
丰台区
海淀区
丰台区
朝阳区
朝阳区
朝阳区
朝阳区
朝阳区
朝阳区
朝阳区
朝阳区
海淀区
海淀区
海淀区
海淀区
海淀区
海淀区
朝阳区
东城区
朝阳区
东城区
朝阳区
朝阳区
朝阳区
朝阳区
朝阳区
朝阳区
朝阳区
朝阳区
朝阳区
朝阳区
丰台区
丰台区
丰台区
丰台区
丰台区
通州区
通州区
通州区
通州区
海淀区
海淀区
海淀区
海淀区
朝阳区
朝阳区
朝阳区
朝阳区
朝阳区
丰台区
丰台区
丰台区
丰台区
丰台区
丰台区
丰台区
丰台区
朝阳区
朝阳区
朝阳区
朝阳区
朝阳区
东城区
东城区
东城区
东城区
东城区
丰台区
丰台区
丰台区
丰台区
丰台区
朝阳区
朝阳区
朝阳区
朝阳区
朝阳区
东城区
东城区
东城区
东城区
大兴区
大兴区
海淀区
西城区
西城区
西城区
朝阳区
朝阳区
朝阳区
朝阳区
朝阳区
朝阳区
朝阳区
朝阳区
朝阳区
朝阳区
丰台区
丰台区
丰台区
丰台区
丰台区
朝阳区
朝阳区
朝阳区
朝阳区
朝阳区
朝阳区
朝阳区
朝阳区
朝阳区
海淀区
海淀区
海淀区
海淀区
朝阳区
朝阳区
朝阳区
朝阳区
通州区
通州区
朝阳区
朝阳区
朝阳区
朝阳区
朝阳区
朝阳区
朝阳区
朝阳区
朝阳区
朝阳区
东城区
东城区
东城区
东城区
朝阳区
朝阳区
朝阳区
朝阳区
朝阳区
朝阳区
朝阳区
朝阳区
朝阳区
朝阳区
朝阳区
朝阳区
朝阳区
朝阳区
朝阳区
朝阳区
朝阳区
丰台区
丰台区
丰台区
丰台区
朝阳区
朝阳区
朝阳区
朝阳区
朝阳区
朝阳区
朝阳区
朝阳区
朝阳区
朝阳区
朝阳区
朝阳区
朝阳区
朝阳区
朝阳区
朝阳区
朝阳区
朝阳区
朝阳区
朝阳区
朝阳区
通州区
通州区
通州区
通州区
通州区
东城区
东城区
东城区
东城区
通州区
通州区
通州区
通州区
朝阳区
朝阳区
朝阳区
朝阳区
朝阳区
朝阳区
朝阳区
朝阳区
朝阳区
朝阳区
朝阳区
朝阳区
朝阳区
朝阳区
朝阳区
朝阳区
朝阳区
朝阳区
东城区
东城区
东城区
东城区
朝阳区
朝阳区
朝阳区
朝阳区
朝阳区
海淀区
海淀区
海淀区
海淀区
海淀区
丰台区
丰台区
丰台区
丰台区
丰台区
丰台区
丰台区
丰台区
丰台区
丰台区
朝阳区
朝阳区
东城区
朝阳区
东城区
朝阳区
大兴区
大兴区
大兴区
大兴区
大兴区
朝阳区
朝阳区
朝阳区
朝阳区
朝阳区
朝阳区
朝阳区
朝阳区
朝阳区
朝阳区
朝阳区
朝阳区
朝阳区
朝阳区
朝阳区
朝阳区
朝阳区
朝阳区
朝阳区
朝阳区
朝阳区
朝阳区
朝阳区
朝阳区
朝阳区
朝阳区
朝阳区
朝阳区
朝阳区
朝阳区
朝阳区
朝阳区
朝阳区
朝阳区
朝阳区
朝阳区
朝阳区
朝阳区
东城区
东城区
东城区
东城区
丰台区
丰台区
丰台区
丰台区
丰台区
丰台区
丰台区
丰台区
丰台区
丰台区
丰台区
丰台区
丰台区
朝阳区
朝阳区
朝阳区
朝阳区
海淀区
海淀区
海淀区
朝阳区
朝阳区
朝阳区
朝阳区
海淀区
西城区
海淀区
海淀区
海淀区
朝阳区
朝阳区
朝阳区
朝阳区
朝阳区
朝阳区
朝阳区
朝阳区
海淀区
海淀区
海淀区
海淀区
海淀区
海淀区
海淀区
海淀区
海淀区
海淀区
海淀区
海淀区
海淀区
海淀区
海淀区
海淀区
海淀区
海淀区
海淀区
海淀区
通州区
通州区
通州区
通州区
通州区
丰台区
丰台区
丰台区
朝阳区
朝阳区
朝阳区
朝阳区
朝阳区
朝阳区
丰台区
丰台区
丰台区
大兴区
大兴区
朝阳区
朝阳区
朝阳区
朝阳区
朝阳区
朝阳区
朝阳区
大兴区
大兴区
丰台区
丰台区
朝阳区
朝阳区
朝阳区
朝阳区
丰台区
丰台区
丰台区
丰台区
丰台区
丰台区
丰台区
丰台区
丰台区
丰台区
丰台区
丰台区
丰台区
丰台区
朝阳区
丰台区
丰台区
丰台区
朝阳区
朝阳区
朝阳区
朝阳区
朝阳区
西城区
昌平区
昌平区
昌平区
昌平区
昌平区
朝阳区
朝阳区
朝阳区
朝阳区
朝阳区
朝阳区
朝阳区
朝阳区
朝阳区
朝阳区
朝阳区
朝阳区
东城区
朝阳区
朝阳区
东城区
海淀区
海淀区
海淀区
海淀区
海淀区
海淀区
海淀区
海淀区
朝阳区
朝阳区
朝阳区
朝阳区
朝阳区
朝阳区
朝阳区
朝阳区
朝阳区
海淀区
海淀区
海淀区
海淀区
海淀区
朝阳区
朝阳区
西城区
西城区
朝阳区
海淀区
海淀区
海淀区
海淀区
朝阳区
朝阳区
朝阳区
朝阳区
朝阳区
朝阳区
朝阳区
朝阳区
朝阳区
朝阳区
朝阳区
朝阳区
朝阳区
朝阳区
朝阳区
丰台区
大兴区
大兴区
大兴区
大兴区
大兴区
朝阳区
朝阳区
朝阳区
朝阳区
朝阳区
西城区
西城区
西城区
东城区
西城区
东城区
东城区
东城区
东城区
朝阳区
朝阳区
朝阳区
朝阳区
朝阳区
朝阳区
房山区
房山区
房山区
房山区
朝阳区
朝阳区
朝阳区
朝阳区
朝阳区
海淀区
海淀区
海淀区
海淀区
海淀区
朝阳区
朝阳区
朝阳区
朝阳区
海淀区
海淀区
海淀区
海淀区
海淀区
西城区
西城区
西城区
西城区
西城区
海淀区
海淀区
海淀区
海淀区
海淀区
丰台区
丰台区
丰台区
朝阳区
朝阳区
朝阳区
朝阳区
丰台区
丰台区
丰台区
丰台区
丰台区
丰台区
丰台区
丰台区
丰台区
丰台区
石景山区
石景山区
石景山区
石景山区
通州区
通州区
通州区
通州区
通州区
顺义区
顺义区
顺义区
顺义区
顺义区
朝阳区
朝阳区
朝阳区
朝阳区
朝阳区
朝阳区
丰台区
丰台区
丰台区
丰台区
朝阳区
朝阳区
朝阳区
朝阳区
朝阳区
朝阳区
朝阳区
朝阳区
朝阳区
朝阳区
朝阳区
朝阳区
朝阳区
朝阳区
朝阳区
朝阳区
朝阳区
朝阳区
朝阳区
朝阳区
朝阳区
朝阳区
朝阳区
朝阳区
朝阳区
西城区
西城区
西城区
西城区
西城区
西城区
西城区
西城区
西城区
西城区
西城区
西城区
西城区
西城区
朝阳区
朝阳区
朝阳区
朝阳区
朝阳区
丰台区
丰台区
丰台区
丰台区
通州区
通州区
通州区
通州区
通州区
通州区
通州区
通州区
通州区
通州区
朝阳区
朝阳区
朝阳区
朝阳区
朝阳区
海淀区
海淀区
石景山区
石景山区
石景山区
石景山区
石景山区
石景山区
石景山区
石景山区
石景山区
石景山区
石景山区
石景山区
丰台区
西城区
朝阳区
朝阳区
朝阳区
朝阳区
朝阳区
朝阳区
朝阳区
朝阳区
朝阳区
朝阳区
朝阳区
朝阳区
朝阳区
朝阳区
朝阳区
朝阳区
朝阳区
朝阳区
朝阳区
朝阳区
朝阳区
朝阳区
朝阳区
朝阳区
朝阳区
朝阳区
朝阳区
朝阳区
朝阳区
朝阳区
朝阳区
朝阳区
东城区
朝阳区
朝阳区
朝阳区
朝阳区
朝阳区
朝阳区
朝阳区
朝阳区
东城区
朝阳区
朝阳区
朝阳区
朝阳区
朝阳区
通州区
通州区
通州区
通州区
通州区
通州区
通州区
通州区
东城区
东城区
朝阳区
东城区
朝阳区
朝阳区
朝阳区
朝阳区
朝阳区
朝阳区
朝阳区
丰台区
丰台区
丰台区
丰台区
丰台区
丰台区
丰台区
丰台区
丰台区
朝阳区
朝阳区
丰台区
朝阳区
朝阳区
朝阳区
朝阳区
朝阳区
朝阳区
朝阳区
海淀区
海淀区
海淀区
朝阳区
朝阳区
朝阳区
朝阳区
朝阳区
朝阳区
朝阳区
朝阳区
朝阳区
朝阳区
朝阳区
朝阳区
朝阳区
朝阳区
朝阳区
朝阳区
朝阳区
朝阳区
朝阳区
朝阳区
西城区
西城区
西城区
西城区
西城区
西城区
东城区
朝阳区
朝阳区
朝阳区
朝阳区
朝阳区
朝阳区
海淀区
海淀区
海淀区
海淀区
丰台区
丰台区
丰台区
丰台区
朝阳区
朝阳区
朝阳区
朝阳区
朝阳区
朝阳区
东城区
东城区
东城区
朝阳区
朝阳区
朝阳区
朝阳区
朝阳区
朝阳区
朝阳区
朝阳区
朝阳区
朝阳区
朝阳区
朝阳区
朝阳区
朝阳区
朝阳区
朝阳区
朝阳区
朝阳区
朝阳区
朝阳区
朝阳区
朝阳区
朝阳区
朝阳区
朝阳区
朝阳区
朝阳区
朝阳区
朝阳区
朝阳区
朝阳区
朝阳区
朝阳区
通州区
通州区
通州区
朝阳区
昌平区
昌平区
朝阳区
朝阳区
朝阳区
朝阳区
朝阳区
朝阳区
朝阳区
朝阳区
朝阳区
朝阳区
朝阳区
朝阳区
朝阳区
朝阳区
朝阳区
朝阳区
朝阳区
朝阳区
朝阳区
朝阳区
朝阳区
朝阳区
朝阳区
朝阳区
朝阳区
海淀区
海淀区
东城区
东城区
东城区
东城区
朝阳区
朝阳区
朝阳区
朝阳区
通州区
通州区
通州区
通州区
通州区
朝阳区
朝阳区
朝阳区
朝阳区
朝阳区
朝阳区
朝阳区
朝阳区
朝阳区
朝阳区
朝阳区
朝阳区
朝阳区
朝阳区
朝阳区
丰台区
大兴区
丰台区
大兴区
丰台区
通州区
通州区
通州区
通州区
通州区
通州区
通州区
通州区
通州区
朝阳区
朝阳区
朝阳区
朝阳区
丰台区
门头沟区
门头沟区
门头沟区
门头沟区
丰台区
丰台区
丰台区
丰台区
丰台区
朝阳区
朝阳区
朝阳区
朝阳区
朝阳区
朝阳区
朝阳区
朝阳区
朝阳区
朝阳区
朝阳区
朝阳区
朝阳区
朝阳区
朝阳区
朝阳区
东城区
海淀区
海淀区
东城区
东城区
朝阳区
朝阳区
朝阳区
朝阳区
海淀区
海淀区
海淀区
海淀区
海淀区
海淀区
海淀区
海淀区
海淀区
海淀区
海淀区
海淀区
海淀区
东城区
东城区
西城区
西城区
朝阳区
朝阳区
东城区
朝阳区
朝阳区
朝阳区
东城区
朝阳区
朝阳区
海淀区
海淀区
海淀区
丰台区
丰台区
朝阳区
丰台区
朝阳区
丰台区
朝阳区
朝阳区
朝阳区
丰台区
朝阳区
朝阳区
朝阳区
朝阳区
朝阳区
朝阳区
朝阳区
朝阳区
东城区
东城区
东城区
东城区
东城区
丰台区
丰台区
丰台区
丰台区
丰台区
丰台区
丰台区
丰台区
朝阳区
朝阳区
朝阳区
朝阳区
朝阳区
朝阳区
朝阳区
朝阳区
朝阳区
朝阳区
朝阳区
朝阳区
朝阳区
朝阳区
朝阳区
石景山区
石景山区
石景山区
海淀区
海淀区
通州区
通州区
通州区
通州区
通州区
昌平区
昌平区
昌平区
昌平区
昌平区
东城区
东城区
东城区
东城区
丰台区
丰台区
丰台区
丰台区
丰台区
东城区
东城区
东城区
东城区
东城区
大兴区
大兴区
大兴区
大兴区
朝阳区
朝阳区
朝阳区
朝阳区
朝阳区
朝阳区
朝阳区
朝阳区
朝阳区
朝阳区
朝阳区
朝阳区
朝阳区
朝阳区
东城区
东城区
东城区
东城区
朝阳区
朝阳区
朝阳区
朝阳区
朝阳区
朝阳区
朝阳区
朝阳区
朝阳区
朝阳区
西城区
西城区
西城区
海淀区
海淀区
海淀区
海淀区
海淀区
海淀区
海淀区
海淀区
海淀区
海淀区
海淀区
海淀区
海淀区
海淀区
朝阳区
朝阳区
朝阳区
朝阳区
朝阳区
朝阳区
朝阳区
朝阳区
海淀区
海淀区
海淀区
海淀区
朝阳区
朝阳区
朝阳区
朝阳区
朝阳区
朝阳区
朝阳区
朝阳区
朝阳区
朝阳区
朝阳区
朝阳区
朝阳区
朝阳区
朝阳区
朝阳区
朝阳区
朝阳区
朝阳区
朝阳区
朝阳区
朝阳区
朝阳区
朝阳区
朝阳区
西城区
西城区
西城区
西城区
西城区
朝阳区
朝阳区
朝阳区
朝阳区
朝阳区
朝阳区
朝阳区
朝阳区
朝阳区
朝阳区
朝阳区
朝阳区
朝阳区
朝阳区
朝阳区
海淀区
海淀区
海淀区
海淀区
海淀区
朝阳区
朝阳区
朝阳区
朝阳区
朝阳区
朝阳区
朝阳区
昌平区
海淀区
昌平区
海淀区
海淀区
朝阳区
东城区
东城区
东城区
朝阳区
朝阳区
东城区
东城区
东城区
丰台区
丰台区
丰台区
丰台区
海淀区
海淀区
海淀区
丰台区
丰台区
丰台区
丰台区
丰台区
西城区
西城区
西城区
西城区
西城区
朝阳区
朝阳区
朝阳区
西城区
西城区
西城区
西城区
西城区
朝阳区
朝阳区
朝阳区
朝阳区
丰台区
丰台区
丰台区
丰台区
朝阳区
朝阳区
朝阳区
朝阳区
朝阳区
朝阳区
朝阳区
朝阳区
东城区
朝阳区
东城区
朝阳区
朝阳区
朝阳区
朝阳区
朝阳区
朝阳区
朝阳区
朝阳区
朝阳区
朝阳区
朝阳区
朝阳区
朝阳区
朝阳区
朝阳区
朝阳区
朝阳区
朝阳区
朝阳区
东城区
东城区
东城区
东城区
东城区
东城区
东城区
东城区
海淀区
海淀区
海淀区
海淀区
海淀区
朝阳区
朝阳区
朝阳区
朝阳区
朝阳区
东城区
东城区
东城区
东城区
东城区
丰台区
丰台区
丰台区
丰台区
丰台区
朝阳区
朝阳区
朝阳区
朝阳区
东城区
朝阳区
东城区
东城区
东城区
东城区
东城区
东城区
东城区
东城区
朝阳区
朝阳区
朝阳区
朝阳区
海淀区
丰台区
丰台区
丰台区
丰台区
东城区
东城区
东城区
东城区
大兴区
朝阳区
朝阳区
朝阳区
朝阳区
朝阳区
朝阳区
朝阳区
朝阳区
朝阳区
朝阳区
朝阳区
朝阳区
朝阳区
东城区
东城区
东城区
东城区
海淀区
海淀区
海淀区
海淀区
丰台区
东城区
东城区
东城区
东城区
海淀区
朝阳区
朝阳区
朝阳区
海淀区
朝阳区
朝阳区
丰台区
丰台区
丰台区
丰台区
朝阳区
朝阳区
朝阳区
朝阳区
朝阳区
朝阳区
朝阳区
朝阳区
朝阳区
朝阳区
朝阳区
朝阳区
朝阳区
朝阳区
朝阳区
朝阳区
朝阳区
朝阳区
朝阳区
朝阳区
朝阳区
朝阳区
朝阳区
朝阳区
朝阳区
朝阳区
朝阳区
朝阳区
朝阳区
朝阳区
朝阳区
朝阳区
朝阳区
朝阳区
朝阳区
朝阳区
通州区
通州区
通州区
通州区
通州区
通州区
通州区
通州区
通州区
海淀区
海淀区
海淀区
东城区
东城区
房山区
房山区
房山区
朝阳区
朝阳区
朝阳区
朝阳区
朝阳区
朝阳区
朝阳区
朝阳区
朝阳区
朝阳区
朝阳区
朝阳区
朝阳区
朝阳区
朝阳区
朝阳区
朝阳区
朝阳区
朝阳区
朝阳区
朝阳区
朝阳区
朝阳区
朝阳区
朝阳区
朝阳区
朝阳区
朝阳区
朝阳区
朝阳区
朝阳区
朝阳区
朝阳区
朝阳区
朝阳区
东城区
朝阳区
朝阳区
朝阳区
朝阳区
朝阳区
朝阳区
朝阳区
朝阳区
朝阳区
朝阳区
朝阳区
朝阳区
朝阳区
朝阳区
朝阳区
朝阳区
朝阳区
朝阳区
朝阳区
朝阳区
大兴区
大兴区
朝阳区
大兴区
朝阳区
朝阳区
朝阳区
朝阳区
朝阳区
房山区
房山区
房山区
房山区
房山区
朝阳区
丰台区
丰台区
丰台区
丰台区
丰台区
朝阳区
朝阳区
朝阳区
朝阳区
朝阳区
朝阳区
朝阳区
朝阳区
朝阳区
朝阳区
朝阳区
朝阳区
朝阳区
朝阳区
朝阳区
朝阳区
朝阳区
朝阳区
朝阳区
朝阳区
朝阳区
海淀区
海淀区
海淀区
海淀区
海淀区
丰台区
丰台区
丰台区
丰台区
朝阳区
朝阳区
朝阳区
朝阳区
东城区
东城区
东城区
东城区
东城区
朝阳区
朝阳区
朝阳区
朝阳区
朝阳区
海淀区
海淀区
海淀区
丰台区
丰台区
丰台区
丰台区
丰台区
朝阳区
朝阳区
朝阳区
朝阳区
通州区
通州区
通州区
通州区
通州区
朝阳区
朝阳区
朝阳区
朝阳区
东城区
东城区
东城区
东城区
东城区
东城区
东城区
朝阳区
朝阳区
朝阳区
朝阳区
朝阳区
朝阳区
朝阳区
朝阳区
朝阳区
朝阳区
东城区
东城区
东城区
东城区
东城区
东城区
东城区
朝阳区
朝阳区
朝阳区
东城区
东城区
东城区
东城区
东城区
东城区
东城区
东城区
朝阳区
朝阳区
朝阳区
朝阳区
朝阳区
朝阳区
朝阳区
朝阳区
朝阳区
东城区
东城区
东城区
朝阳区
朝阳区
朝阳区
朝阳区
朝阳区
朝阳区
朝阳区
东城区
东城区
东城区
东城区
东城区
丰台区
丰台区
丰台区
丰台区
丰台区
丰台区
朝阳区
朝阳区
朝阳区
朝阳区
朝阳区
朝阳区
朝阳区
朝阳区
朝阳区
朝阳区
朝阳区
朝阳区
朝阳区
朝阳区
朝阳区
朝阳区
朝阳区
朝阳区
朝阳区
朝阳区
朝阳区
朝阳区
丰台区
丰台区
丰台区
丰台区
丰台区
丰台区
丰台区
丰台区
朝阳区
朝阳区
朝阳区
朝阳区
朝阳区
朝阳区
朝阳区
朝阳区
朝阳区
丰台区
丰台区
丰台区
丰台区
朝阳区
朝阳区
朝阳区
朝阳区
东城区
东城区
朝阳区
朝阳区
丰台区
丰台区
丰台区
昌平区
昌平区
昌平区
昌平区
东城区
东城区
东城区
东城区
大兴区
大兴区
大兴区
大兴区
朝阳区
朝阳区
朝阳区
朝阳区
朝阳区
朝阳区
朝阳区
朝阳区
朝阳区
朝阳区
朝阳区
朝阳区
朝阳区
朝阳区
朝阳区
朝阳区
朝阳区
朝阳区
丰台区
丰台区
丰台区
丰台区
朝阳区
朝阳区
朝阳区
朝阳区
朝阳区
东城区
东城区
东城区
东城区
东城区
朝阳区
朝阳区
朝阳区
朝阳区
朝阳区
朝阳区
朝阳区
朝阳区
朝阳区
朝阳区
朝阳区
朝阳区
朝阳区
朝阳区
朝阳区
朝阳区
朝阳区
朝阳区
朝阳区
朝阳区
朝阳区
朝阳区
朝阳区
朝阳区
朝阳区
朝阳区
朝阳区
朝阳区
朝阳区
朝阳区
朝阳区
朝阳区
朝阳区
朝阳区
丰台区
丰台区
丰台区
丰台区
丰台区
丰台区
丰台区
丰台区
东城区
东城区
东城区
东城区
大兴区
大兴区
大兴区
大兴区
朝阳区
朝阳区
朝阳区
朝阳区
朝阳区
西城区
西城区
西城区
朝阳区
朝阳区
朝阳区
朝阳区
朝阳区
通州区
通州区
通州区
通州区
朝阳区
朝阳区
朝阳区
朝阳区
朝阳区
朝阳区
朝阳区
朝阳区
丰台区
丰台区
丰台区
大兴区
大兴区
朝阳区
朝阳区
朝阳区
朝阳区
朝阳区
朝阳区
朝阳区
朝阳区
朝阳区
朝阳区
朝阳区
朝阳区
朝阳区
丰台区
丰台区
丰台区
丰台区
朝阳区
朝阳区
朝阳区
海淀区
海淀区
海淀区
海淀区
海淀区
丰台区
丰台区
丰台区
海淀区
海淀区
海淀区
海淀区
朝阳区
朝阳区
朝阳区
朝阳区
丰台区
丰台区
丰台区
丰台区
大兴区
大兴区
大兴区
大兴区
大兴区
朝阳区
朝阳区
朝阳区
朝阳区
海淀区
海淀区
海淀区
海淀区
朝阳区
朝阳区
海淀区
朝阳区
朝阳区
朝阳区
朝阳区
海淀区
朝阳区
朝阳区
朝阳区
朝阳区
海淀区
朝阳区
通州区
通州区
通州区
通州区
通州区
石景山区
石景山区
石景山区
石景山区
石景山区
海淀区
海淀区
海淀区
海淀区
丰台区
丰台区
丰台区
丰台区
丰台区
丰台区
丰台区
丰台区
丰台区
丰台区
海淀区
海淀区
海淀区
海淀区
海淀区
大兴区
大兴区
大兴区
大兴区
大兴区
海淀区
海淀区
海淀区
海淀区
海淀区
石景山区
丰台区
丰台区
朝阳区
朝阳区
朝阳区
朝阳区
朝阳区
海淀区
海淀区
海淀区
海淀区
海淀区
丰台区
丰台区
丰台区
丰台区
朝阳区
朝阳区
朝阳区
朝阳区
朝阳区
通州区
通州区
通州区
通州区
通州区
大兴区
大兴区
大兴区
大兴区
东城区
东城区
东城区
东城区
通州区
通州区
通州区
通州区
通州区
东城区
东城区
东城区
东城区
朝阳区
朝阳区
朝阳区
朝阳区
通州区
通州区
通州区
通州区
通州区
朝阳区
海淀区
海淀区
海淀区
海淀区
海淀区
海淀区
房山区
房山区
房山区
房山区
大兴区
大兴区
大兴区
丰台区
丰台区
丰台区
丰台区
丰台区
丰台区
丰台区
丰台区
丰台区
丰台区
丰台区
丰台区
丰台区
丰台区
朝阳区
朝阳区
朝阳区
朝阳区
海淀区
海淀区
海淀区
丰台区
丰台区
丰台区
丰台区
丰台区
丰台区
丰台区
大兴区
朝阳区
朝阳区
朝阳区
朝阳区
朝阳区
朝阳区
朝阳区
朝阳区
朝阳区
海淀区
丰台区
朝阳区
朝阳区
朝阳区
通州区
通州区
通州区
朝阳区
朝阳区
朝阳区
朝阳区
朝阳区
东城区
朝阳区
东城区
东城区
东城区
海淀区
海淀区
海淀区
海淀区
朝阳区
朝阳区
朝阳区
朝阳区
朝阳区
朝阳区
朝阳区
朝阳区
朝阳区
朝阳区
东城区
海淀区
海淀区
海淀区
海淀区
朝阳区
朝阳区
朝阳区
朝阳区
朝阳区
丰台区
丰台区
丰台区
丰台区
丰台区
丰台区
丰台区
丰台区
丰台区
丰台区
朝阳区
朝阳区
朝阳区
朝阳区
朝阳区
海淀区
海淀区
海淀区
海淀区
海淀区
海淀区
海淀区
海淀区
海淀区
朝阳区
朝阳区
通州区
通州区
通州区
丰台区
丰台区
丰台区
丰台区
丰台区
朝阳区
朝阳区
朝阳区
朝阳区
朝阳区
朝阳区
朝阳区
朝阳区
朝阳区
朝阳区
丰台区
大兴区
大兴区
大兴区
大兴区
朝阳区
朝阳区
朝阳区
朝阳区
朝阳区
朝阳区
朝阳区
朝阳区
丰台区
丰台区
丰台区
丰台区
海淀区
海淀区
海淀区
海淀区
海淀区
门头沟区
海淀区
海淀区
朝阳区
朝阳区
朝阳区
朝阳区
朝阳区
海淀区
海淀区
海淀区
海淀区
海淀区
石景山区
石景山区
石景山区
石景山区
通州区
通州区
通州区
通州区
通州区
大兴区
大兴区
大兴区
大兴区
大兴区
大兴区
大兴区
大兴区
大兴区
朝阳区
朝阳区
朝阳区
朝阳区
朝阳区
丰台区
丰台区
丰台区
丰台区
房山区
房山区
通州区
通州区
通州区
通州区
通州区
通州区
通州区
通州区
通州区
海淀区
海淀区
海淀区
海淀区
朝阳区
朝阳区
朝阳区
朝阳区
朝阳区
朝阳区
朝阳区
朝阳区
朝阳区
朝阳区
朝阳区
朝阳区
朝阳区
丰台区
丰台区
丰台区
丰台区
丰台区
通州区
通州区
通州区
通州区
朝阳区
朝阳区
朝阳区
朝阳区
朝阳区
朝阳区
朝阳区
朝阳区
朝阳区
朝阳区
海淀区
海淀区
海淀区
海淀区
朝阳区
朝阳区
朝阳区
朝阳区
朝阳区
朝阳区
朝阳区
朝阳区
朝阳区
朝阳区
朝阳区
朝阳区
朝阳区
朝阳区
朝阳区
朝阳区
朝阳区
朝阳区
朝阳区
朝阳区
朝阳区
朝阳区
朝阳区
朝阳区
朝阳区
朝阳区
通州区
海淀区
海淀区
海淀区
海淀区
朝阳区
朝阳区
朝阳区
朝阳区
朝阳区
大兴区
大兴区
大兴区
大兴区
丰台区
丰台区
丰台区
丰台区
丰台区
朝阳区
朝阳区
朝阳区
丰台区
丰台区
丰台区
朝阳区
朝阳区
朝阳区
朝阳区
朝阳区
朝阳区
朝阳区
朝阳区
海淀区
海淀区
海淀区
海淀区
通州区
通州区
通州区
朝阳区
朝阳区
朝阳区
朝阳区
朝阳区
海淀区
海淀区
海淀区
海淀区
海淀区
朝阳区
朝阳区
朝阳区
朝阳区
朝阳区
朝阳区
朝阳区
朝阳区
朝阳区
朝阳区
昌平区
昌平区
朝阳区
朝阳区
朝阳区
朝阳区
丰台区
丰台区
丰台区
丰台区
丰台区
丰台区
丰台区
丰台区
丰台区
丰台区
丰台区
丰台区
通州区
通州区
朝阳区
丰台区
丰台区
丰台区
朝阳区
朝阳区
朝阳区
朝阳区
丰台区
丰台区
丰台区
西城区
西城区
西城区
西城区
西城区
朝阳区
朝阳区
朝阳区
朝阳区
朝阳区
朝阳区
朝阳区
朝阳区
朝阳区
朝阳区
朝阳区
朝阳区
朝阳区
朝阳区
朝阳区
朝阳区
朝阳区
朝阳区
朝阳区
朝阳区
朝阳区
朝阳区
朝阳区
朝阳区
朝阳区
朝阳区
朝阳区
朝阳区
朝阳区
朝阳区
朝阳区
朝阳区
朝阳区
朝阳区
朝阳区
朝阳区
海淀区
海淀区
海淀区
海淀区
朝阳区
朝阳区
朝阳区
朝阳区
朝阳区
朝阳区
朝阳区
朝阳区
朝阳区
朝阳区
朝阳区
朝阳区
朝阳区
海淀区
海淀区
海淀区
海淀区
朝阳区
朝阳区
朝阳区
朝阳区
朝阳区
朝阳区
朝阳区
朝阳区
朝阳区
朝阳区
朝阳区
朝阳区
朝阳区
朝阳区
朝阳区
朝阳区
朝阳区
通州区
通州区
通州区
朝阳区
朝阳区
朝阳区
朝阳区
朝阳区
朝阳区
朝阳区
朝阳区
朝阳区
朝阳区
丰台区
丰台区
朝阳区
朝阳区
朝阳区
朝阳区
朝阳区
朝阳区
朝阳区
朝阳区
朝阳区
朝阳区
朝阳区
丰台区
朝阳区
朝阳区
东城区
东城区
东城区
朝阳区
朝阳区
东城区
东城区
东城区
朝阳区
朝阳区
朝阳区
朝阳区
海淀区
海淀区
海淀区
房山区
海淀区
海淀区
海淀区
房山区
朝阳区
朝阳区
朝阳区
朝阳区
朝阳区
朝阳区
朝阳区
朝阳区
朝阳区
朝阳区
朝阳区
朝阳区
朝阳区
朝阳区
朝阳区
朝阳区
朝阳区
朝阳区
朝阳区
朝阳区
朝阳区
朝阳区
朝阳区
朝阳区
朝阳区
朝阳区
朝阳区
朝阳区
朝阳区
东城区
朝阳区
朝阳区
东城区
朝阳区
朝阳区
朝阳区
朝阳区
朝阳区
朝阳区
朝阳区
朝阳区
海淀区
海淀区
海淀区
海淀区
海淀区
丰台区
丰台区
朝阳区
丰台区
朝阳区
朝阳区
朝阳区
丰台区
丰台区
丰台区
丰台区
丰台区
丰台区
丰台区
丰台区
丰台区
朝阳区
朝阳区
朝阳区
朝阳区
朝阳区
丰台区
丰台区
丰台区
朝阳区
朝阳区
朝阳区
朝阳区
朝阳区
朝阳区
朝阳区
朝阳区
朝阳区
朝阳区
丰台区
丰台区
丰台区
丰台区
丰台区
东城区
东城区
东城区
东城区
朝阳区
昌平区
昌平区
昌平区
昌平区
通州区
通州区
通州区
通州区
通州区
通州区
通州区
通州区
通州区
朝阳区
朝阳区
朝阳区
丰台区
朝阳区
朝阳区
朝阳区
丰台区
朝阳区
朝阳区
朝阳区
朝阳区
朝阳区
朝阳区
朝阳区
朝阳区
朝阳区
朝阳区
朝阳区
朝阳区
丰台区
丰台区
西城区
西城区
丰台区
丰台区
丰台区
丰台区
丰台区
丰台区
丰台区
丰台区
朝阳区
朝阳区
朝阳区
朝阳区
朝阳区
朝阳区
朝阳区
朝阳区
朝阳区
朝阳区
通州区
通州区
通州区
海淀区
海淀区
海淀区
海淀区
海淀区
朝阳区
朝阳区
朝阳区
朝阳区
朝阳区
朝阳区
朝阳区
朝阳区
朝阳区
朝阳区
朝阳区
朝阳区
朝阳区
朝阳区
朝阳区
朝阳区
通州区
通州区
朝阳区
朝阳区
朝阳区
朝阳区
朝阳区
朝阳区
朝阳区
朝阳区
朝阳区
朝阳区
朝阳区
朝阳区
朝阳区
朝阳区
朝阳区
朝阳区
朝阳区
朝阳区
朝阳区
朝阳区
朝阳区
朝阳区
朝阳区
朝阳区
朝阳区
朝阳区
朝阳区
朝阳区
朝阳区
朝阳区
朝阳区
丰台区
石景山区
丰台区
丰台区
丰台区
丰台区
丰台区
丰台区
丰台区
丰台区
丰台区
丰台区
丰台区
丰台区
丰台区
丰台区
丰台区
海淀区
海淀区
海淀区
海淀区
海淀区
朝阳区
朝阳区
朝阳区
朝阳区
朝阳区
朝阳区
朝阳区
海淀区
海淀区
海淀区
海淀区
海淀区
丰台区
丰台区
丰台区
丰台区
大兴区
大兴区
朝阳区
朝阳区
大兴区
朝阳区
朝阳区
朝阳区
朝阳区
朝阳区
朝阳区
朝阳区
朝阳区
朝阳区
海淀区
海淀区
海淀区
大兴区
大兴区
大兴区
大兴区
大兴区
丰台区
丰台区
丰台区
丰台区
朝阳区
朝阳区
朝阳区
朝阳区
朝阳区
朝阳区
朝阳区
朝阳区
通州区
通州区
通州区
通州区
通州区
丰台区
丰台区
丰台区
丰台区
丰台区
朝阳区
朝阳区
朝阳区
朝阳区
朝阳区
东城区
东城区
东城区
东城区
东城区
东城区
东城区
东城区
东城区
石景山区
石景山区
门头沟区
门头沟区
门头沟区
朝阳区
朝阳区
朝阳区
朝阳区
朝阳区
朝阳区
朝阳区
东城区
东城区
东城区
朝阳区
朝阳区
朝阳区
朝阳区
朝阳区
朝阳区
朝阳区
朝阳区
朝阳区
朝阳区
朝阳区
朝阳区
朝阳区
朝阳区
朝阳区
朝阳区
朝阳区
朝阳区
朝阳区
朝阳区
朝阳区
朝阳区
朝阳区
朝阳区
朝阳区
朝阳区
朝阳区
朝阳区
朝阳区
朝阳区
朝阳区
朝阳区
朝阳区
朝阳区
朝阳区
朝阳区
朝阳区
朝阳区
朝阳区
朝阳区
朝阳区
朝阳区
朝阳区
朝阳区
朝阳区
朝阳区
朝阳区
朝阳区
朝阳区
朝阳区
朝阳区
朝阳区
朝阳区
朝阳区
朝阳区
朝阳区
朝阳区
朝阳区
朝阳区
朝阳区
朝阳区
朝阳区
朝阳区
朝阳区
朝阳区
朝阳区
朝阳区
朝阳区
朝阳区
朝阳区
朝阳区
朝阳区
朝阳区
朝阳区
朝阳区
朝阳区
朝阳区
朝阳区
朝阳区
朝阳区
海淀区
朝阳区
朝阳区
朝阳区
朝阳区
朝阳区
朝阳区
海淀区
丰台区
丰台区
丰台区
朝阳区
朝阳区
朝阳区
朝阳区
朝阳区
朝阳区
朝阳区
朝阳区
朝阳区
朝阳区
通州区
朝阳区
朝阳区
朝阳区
朝阳区
海淀区
海淀区
海淀区
朝阳区
朝阳区
朝阳区
朝阳区
通州区
通州区
通州区
通州区
通州区
通州区
朝阳区
朝阳区
朝阳区
朝阳区
朝阳区
海淀区
海淀区
海淀区
海淀区
丰台区
海淀区
海淀区
海淀区
海淀区
丰台区
朝阳区
朝阳区
通州区
通州区
通州区
朝阳区
朝阳区
朝阳区
朝阳区
朝阳区
朝阳区
朝阳区
通州区
通州区
通州区
朝阳区
朝阳区
朝阳区
朝阳区
朝阳区
朝阳区
朝阳区
朝阳区
朝阳区
朝阳区
朝阳区
朝阳区
朝阳区
朝阳区
房山区
房山区
房山区
房山区
房山区
东城区
东城区
东城区
丰台区
丰台区
丰台区
丰台区
丰台区
通州区
通州区
通州区
通州区
通州区
通州区
通州区
通州区
通州区
通州区
朝阳区
朝阳区
朝阳区
朝阳区
朝阳区
朝阳区
东城区
东城区
东城区
东城区
东城区
东城区
东城区
东城区
朝阳区
朝阳区
朝阳区
丰台区
丰台区
丰台区
丰台区
丰台区
丰台区
东城区
朝阳区
朝阳区
朝阳区
东城区
东城区
东城区
东城区
东城区
东城区
通州区
通州区
通州区
通州区
丰台区
丰台区
丰台区
丰台区
东城区
东城区
东城区
东城区
东城区
朝阳区
朝阳区
昌平区
通州区
通州区
通州区
通州区
通州区
朝阳区
朝阳区
昌平区
朝阳区
朝阳区
朝阳区
朝阳区
朝阳区
朝阳区
朝阳区
朝阳区
朝阳区
朝阳区
朝阳区
朝阳区
朝阳区
朝阳区
朝阳区
朝阳区
朝阳区
朝阳区
朝阳区
朝阳区
朝阳区
朝阳区
朝阳区
海淀区
海淀区
海淀区
海淀区
海淀区
通州区
通州区
通州区
通州区
通州区
朝阳区
朝阳区
朝阳区
朝阳区
朝阳区
朝阳区
朝阳区
东城区
东城区
东城区
东城区
东城区
东城区
东城区
东城区
朝阳区
朝阳区
朝阳区
朝阳区
朝阳区
朝阳区
朝阳区
朝阳区
朝阳区
朝阳区
朝阳区
朝阳区
朝阳区
朝阳区
朝阳区
朝阳区
朝阳区
朝阳区
大兴区
大兴区
大兴区
大兴区
大兴区
大兴区
朝阳区
朝阳区
朝阳区
朝阳区
朝阳区
朝阳区
朝阳区
朝阳区
朝阳区
朝阳区
朝阳区
朝阳区
朝阳区
朝阳区
朝阳区
朝阳区
朝阳区
朝阳区
朝阳区
朝阳区
朝阳区
朝阳区
朝阳区
朝阳区
朝阳区
朝阳区
朝阳区
西城区
西城区
西城区
西城区
海淀区
海淀区
海淀区
海淀区
朝阳区
朝阳区
朝阳区
朝阳区
通州区
通州区
通州区
通州区
海淀区
海淀区
朝阳区
朝阳区
朝阳区
朝阳区
朝阳区
朝阳区
朝阳区
朝阳区
朝阳区
朝阳区
朝阳区
朝阳区
朝阳区
朝阳区
朝阳区
朝阳区
朝阳区
朝阳区
朝阳区
朝阳区
朝阳区
朝阳区
朝阳区
朝阳区
朝阳区
朝阳区
朝阳区
朝阳区
朝阳区
朝阳区
朝阳区
朝阳区
朝阳区
朝阳区
朝阳区
通州区
通州区
通州区
朝阳区
朝阳区
朝阳区
朝阳区
朝阳区
朝阳区
朝阳区
朝阳区
丰台区
丰台区
丰台区
丰台区
丰台区
海淀区
海淀区
朝阳区
朝阳区
朝阳区
朝阳区
西城区
西城区
西城区
西城区
西城区
海淀区
海淀区
海淀区
海淀区
海淀区
朝阳区
朝阳区
朝阳区
朝阳区
朝阳区
朝阳区
朝阳区
朝阳区
朝阳区
朝阳区
朝阳区
朝阳区
朝阳区
朝阳区
朝阳区
朝阳区
朝阳区
朝阳区
朝阳区
朝阳区
朝阳区
朝阳区
朝阳区
朝阳区
朝阳区
朝阳区
朝阳区
朝阳区
朝阳区
朝阳区
朝阳区
朝阳区
通州区
通州区
通州区
通州区
通州区
丰台区
海淀区
丰台区
丰台区
海淀区
丰台区
朝阳区
丰台区
丰台区
朝阳区
朝阳区
朝阳区
朝阳区
丰台区
丰台区
房山区
房山区
房山区
房山区
房山区
朝阳区
朝阳区
朝阳区
朝阳区
朝阳区
朝阳区
朝阳区
朝阳区
朝阳区
朝阳区
朝阳区
朝阳区
朝阳区
朝阳区
怀柔区
怀柔区
怀柔区
怀柔区
怀柔区
怀柔区
朝阳区
朝阳区
朝阳区
朝阳区
朝阳区
朝阳区
朝阳区
朝阳区
朝阳区
朝阳区
朝阳区
朝阳区
朝阳区
朝阳区
朝阳区
朝阳区
海淀区
海淀区
海淀区
海淀区
丰台区
丰台区
丰台区
丰台区
丰台区
通州区
通州区
朝阳区
朝阳区
朝阳区
朝阳区
朝阳区
朝阳区
朝阳区
朝阳区
朝阳区
丰台区
丰台区
丰台区
丰台区
石景山区
丰台区
朝阳区
石景山区
朝阳区
朝阳区
朝阳区
朝阳区
朝阳区
朝阳区
朝阳区
朝阳区
朝阳区
朝阳区
通州区
通州区
通州区
通州区
通州区
通州区
通州区
通州区
通州区
通州区
丰台区
丰台区
丰台区
丰台区
丰台区
朝阳区
朝阳区
朝阳区
朝阳区
朝阳区
朝阳区
朝阳区
朝阳区
朝阳区
朝阳区
朝阳区
朝阳区
朝阳区
朝阳区
朝阳区
朝阳区
朝阳区
朝阳区
朝阳区
朝阳区
朝阳区
朝阳区
朝阳区
朝阳区
朝阳区
朝阳区
朝阳区
朝阳区
朝阳区
朝阳区
朝阳区
朝阳区
朝阳区
朝阳区
朝阳区
丰台区
丰台区
丰台区
丰台区
朝阳区
朝阳区
丰台区
丰台区
丰台区
丰台区
丰台区
丰台区
丰台区
丰台区
丰台区
朝阳区
朝阳区
朝阳区
朝阳区
朝阳区
通州区
通州区
通州区
通州区
通州区
朝阳区
朝阳区
朝阳区
朝阳区
昌平区
昌平区
昌平区
朝阳区
朝阳区
朝阳区
朝阳区
朝阳区
朝阳区
朝阳区
朝阳区
朝阳区
朝阳区
朝阳区
朝阳区
朝阳区
朝阳区
朝阳区
朝阳区
朝阳区
朝阳区
朝阳区
朝阳区
朝阳区
朝阳区
朝阳区
朝阳区
朝阳区
朝阳区
朝阳区
朝阳区
朝阳区
朝阳区
朝阳区
朝阳区
朝阳区
朝阳区
朝阳区
海淀区
海淀区
海淀区
海淀区
海淀区
通州区
朝阳区
朝阳区
朝阳区
朝阳区
丰台区
丰台区
朝阳区
朝阳区
朝阳区
朝阳区
朝阳区
朝阳区
朝阳区
丰台区
丰台区
丰台区
丰台区
丰台区
朝阳区
朝阳区
海淀区
海淀区
海淀区
海淀区
海淀区
东城区
东城区
朝阳区
朝阳区
朝阳区
朝阳区
丰台区
丰台区
丰台区
丰台区
朝阳区
朝阳区
朝阳区
朝阳区
朝阳区
丰台区
丰台区
丰台区
丰台区
大兴区
丰台区
大兴区
大兴区
大兴区
海淀区
海淀区
海淀区
朝阳区
朝阳区
朝阳区
朝阳区
朝阳区
朝阳区
朝阳区
朝阳区
朝阳区
朝阳区
朝阳区
朝阳区
朝阳区
朝阳区
朝阳区
朝阳区
朝阳区
朝阳区
朝阳区
朝阳区
朝阳区
海淀区
海淀区
海淀区
海淀区
海淀区
海淀区
海淀区
海淀区
海淀区
海淀区
朝阳区
朝阳区
朝阳区
朝阳区
昌平区
昌平区
昌平区
通州区
通州区
通州区
通州区
通州区
海淀区
海淀区
朝阳区
朝阳区
朝阳区
朝阳区
海淀区
海淀区
海淀区
海淀区
海淀区
海淀区
海淀区
海淀区
海淀区
海淀区
海淀区
海淀区
海淀区
丰台区
丰台区
丰台区
丰台区
东城区
东城区
东城区
东城区
东城区
东城区
东城区
东城区
东城区
东城区
东城区
东城区
东城区
朝阳区
朝阳区
朝阳区
朝阳区
丰台区
丰台区
丰台区
丰台区
朝阳区
朝阳区
朝阳区
朝阳区
朝阳区
通州区
通州区
通州区
通州区
通州区
通州区
通州区
通州区
朝阳区
丰台区
朝阳区
昌平区
昌平区
昌平区
丰台区
丰台区
丰台区
朝阳区
朝阳区
朝阳区
朝阳区
海淀区
海淀区
海淀区
海淀区
海淀区
海淀区
海淀区
海淀区
海淀区
海淀区
大兴区
大兴区
大兴区
大兴区
大兴区
朝阳区
朝阳区
朝阳区
朝阳区
朝阳区
朝阳区
朝阳区
朝阳区
朝阳区
朝阳区
朝阳区
朝阳区
朝阳区
朝阳区
朝阳区
朝阳区
朝阳区
朝阳区
朝阳区
丰台区
丰台区
朝阳区
朝阳区
朝阳区
东城区
东城区
东城区
东城区
东城区
朝阳区
朝阳区
朝阳区
朝阳区
朝阳区
朝阳区
朝阳区
朝阳区
朝阳区
朝阳区
朝阳区
朝阳区
朝阳区
朝阳区
朝阳区
朝阳区
朝阳区
朝阳区
朝阳区
朝阳区
朝阳区
朝阳区
朝阳区
朝阳区
朝阳区
朝阳区
海淀区
海淀区
海淀区
海淀区
海淀区
海淀区
海淀区
海淀区
海淀区
海淀区
朝阳区
朝阳区
朝阳区
朝阳区
丰台区
丰台区
丰台区
丰台区
丰台区
丰台区
丰台区
丰台区
通州区
通州区
通州区
通州区
通州区
朝阳区
朝阳区
朝阳区
朝阳区
海淀区
海淀区
海淀区
海淀区
海淀区
海淀区
海淀区
海淀区
海淀区
海淀区
朝阳区
朝阳区
朝阳区
朝阳区
朝阳区
朝阳区
朝阳区
朝阳区
朝阳区
通州区
通州区
石景山区
石景山区
石景山区
朝阳区
朝阳区
朝阳区
朝阳区
丰台区
朝阳区
朝阳区
朝阳区
朝阳区
石景山区
丰台区
丰台区
丰台区
丰台区
石景山区
丰台区
丰台区
丰台区
丰台区
朝阳区
朝阳区
朝阳区
朝阳区
朝阳区
朝阳区
朝阳区
朝阳区
朝阳区
朝阳区
朝阳区
朝阳区
朝阳区
朝阳区
朝阳区
朝阳区
朝阳区
朝阳区
朝阳区
朝阳区
朝阳区
朝阳区
朝阳区
朝阳区
朝阳区
朝阳区
朝阳区
朝阳区
朝阳区
朝阳区
朝阳区
朝阳区
朝阳区
朝阳区
东城区
东城区
丰台区
丰台区
丰台区
丰台区
丰台区
丰台区
丰台区
丰台区
通州区
通州区
通州区
通州区
海淀区
海淀区
海淀区
海淀区
海淀区
昌平区
昌平区
昌平区
昌平区
昌平区
东城区
东城区
东城区
丰台区
丰台区
丰台区
丰台区
丰台区
朝阳区
丰台区
丰台区
丰台区
丰台区
丰台区
大兴区
通州区
通州区
通州区
通州区
海淀区
海淀区
海淀区
海淀区
海淀区
海淀区
海淀区
东城区
东城区
东城区
东城区
东城区
朝阳区
朝阳区
朝阳区
朝阳区
朝阳区
昌平区
昌平区
朝阳区
朝阳区
朝阳区
朝阳区
东城区
东城区
东城区
东城区
通州区
朝阳区
朝阳区
朝阳区
朝阳区
朝阳区
朝阳区
朝阳区
朝阳区
朝阳区
朝阳区
朝阳区
朝阳区
昌平区
昌平区
昌平区
朝阳区
朝阳区
朝阳区
朝阳区
朝阳区
东城区
朝阳区
东城区
朝阳区
东城区
东城区
东城区
东城区
朝阳区
朝阳区
房山区
东城区
朝阳区
东城区
朝阳区
朝阳区
朝阳区
朝阳区
东城区
东城区
东城区
东城区
东城区
西城区
朝阳区
朝阳区
朝阳区
朝阳区
朝阳区
西城区
朝阳区
朝阳区
朝阳区
朝阳区
朝阳区
朝阳区
朝阳区
朝阳区
朝阳区
东城区
东城区
东城区
朝阳区
东城区
东城区
东城区
东城区
东城区
东城区
东城区
东城区
朝阳区
朝阳区
丰台区
丰台区
丰台区
丰台区
丰台区
丰台区
丰台区
丰台区
丰台区
丰台区
朝阳区
朝阳区
朝阳区
朝阳区
朝阳区
朝阳区
朝阳区
朝阳区
朝阳区
东城区
东城区
东城区
东城区
东城区
东城区
东城区
东城区
东城区
东城区
东城区
东城区
海淀区
东城区
东城区
东城区
东城区
东城区
朝阳区
朝阳区
朝阳区
朝阳区
朝阳区
海淀区
海淀区
海淀区
海淀区
东城区
东城区
东城区
朝阳区
朝阳区
朝阳区
朝阳区
朝阳区
朝阳区
丰台区
丰台区
丰台区
丰台区
丰台区
丰台区
丰台区
东城区
东城区
东城区
东城区
东城区
东城区
东城区
东城区
东城区
西城区
西城区
西城区
西城区
西城区
朝阳区
朝阳区
朝阳区
朝阳区
朝阳区
海淀区
海淀区
海淀区
海淀区
海淀区
丰台区
丰台区
丰台区
丰台区
朝阳区
朝阳区
朝阳区
朝阳区
朝阳区
通州区
通州区
通州区
通州区
石景山区
朝阳区
朝阳区
朝阳区
朝阳区
朝阳区
丰台区
丰台区
丰台区
西城区
西城区
西城区
西城区
西城区
朝阳区
朝阳区
朝阳区
朝阳区
朝阳区
朝阳区
朝阳区
朝阳区
朝阳区
朝阳区
通州区
通州区
通州区
通州区
通州区
朝阳区
朝阳区
朝阳区
海淀区
海淀区
海淀区
海淀区
朝阳区
朝阳区
朝阳区
房山区
房山区
房山区
房山区
朝阳区
朝阳区
朝阳区
朝阳区
朝阳区
朝阳区
朝阳区
朝阳区
朝阳区
朝阳区
朝阳区
朝阳区
朝阳区
朝阳区
朝阳区
朝阳区
朝阳区
丰台区
丰台区
丰台区
丰台区
丰台区
丰台区
丰台区
丰台区
丰台区
朝阳区
朝阳区
朝阳区
朝阳区
朝阳区
朝阳区
朝阳区
朝阳区
朝阳区
朝阳区
朝阳区
朝阳区
朝阳区
朝阳区
朝阳区
朝阳区
朝阳区
朝阳区
朝阳区
朝阳区
朝阳区
朝阳区
朝阳区
朝阳区
朝阳区
朝阳区
朝阳区
朝阳区
朝阳区
海淀区
海淀区
海淀区
海淀区
东城区
朝阳区
东城区
东城区
朝阳区
丰台区
丰台区
丰台区
丰台区
通州区
通州区
通州区
通州区
通州区
朝阳区
朝阳区
朝阳区
朝阳区
朝阳区
朝阳区
朝阳区
朝阳区
朝阳区
朝阳区
朝阳区
朝阳区
朝阳区
朝阳区
朝阳区
通州区
通州区
通州区
通州区
通州区
朝阳区
朝阳区
朝阳区
朝阳区
丰台区
丰台区
大兴区
大兴区
西城区
西城区
西城区
西城区
西城区
西城区
西城区
西城区
西城区
通州区
通州区
通州区
通州区
通州区
朝阳区
朝阳区
朝阳区
朝阳区
朝阳区
朝阳区
朝阳区
朝阳区
朝阳区
东城区
东城区
东城区
东城区
丰台区
丰台区
丰台区
丰台区
丰台区
丰台区
丰台区
丰台区
朝阳区
朝阳区
朝阳区
朝阳区
海淀区
海淀区
海淀区
海淀区
海淀区
海淀区
海淀区
海淀区
海淀区
海淀区
海淀区
海淀区
海淀区
海淀区
海淀区
海淀区
海淀区
海淀区
东城区
东城区
东城区
东城区
丰台区
丰台区
丰台区
朝阳区
朝阳区
朝阳区
朝阳区
朝阳区
朝阳区
东城区
西城区
西城区
西城区
朝阳区
朝阳区
朝阳区
朝阳区
朝阳区
朝阳区
朝阳区
朝阳区
朝阳区
朝阳区
朝阳区
朝阳区
朝阳区
朝阳区
朝阳区
丰台区
丰台区
丰台区
丰台区
丰台区
丰台区
丰台区
丰台区
昌平区
昌平区
昌平区
昌平区
昌平区
朝阳区
朝阳区
朝阳区
朝阳区
海淀区
海淀区
海淀区
海淀区
海淀区
丰台区
丰台区
丰台区
丰台区
海淀区
海淀区
海淀区
海淀区
海淀区
东城区
东城区
东城区
朝阳区
朝阳区
朝阳区
朝阳区
朝阳区
朝阳区
朝阳区
朝阳区
朝阳区
昌平区
昌平区
朝阳区
朝阳区
朝阳区
朝阳区
朝阳区
大兴区
大兴区
大兴区
朝阳区
朝阳区
朝阳区
朝阳区
朝阳区
通州区
通州区
通州区
通州区
通州区
海淀区
海淀区
海淀区
海淀区
海淀区
通州区
通州区
通州区
通州区
通州区
朝阳区
朝阳区
朝阳区
朝阳区
朝阳区
海淀区
海淀区
海淀区
朝阳区
朝阳区
朝阳区
朝阳区
朝阳区
朝阳区
朝阳区
朝阳区
朝阳区
朝阳区
朝阳区
朝阳区
朝阳区
海淀区
海淀区
海淀区
海淀区
海淀区
海淀区
海淀区
海淀区
朝阳区
朝阳区
朝阳区
朝阳区
朝阳区
朝阳区
海淀区
海淀区
海淀区
丰台区
丰台区
丰台区
丰台区
丰台区
丰台区
丰台区
丰台区
丰台区
丰台区
朝阳区
朝阳区
朝阳区
朝阳区
朝阳区
朝阳区
朝阳区
朝阳区
朝阳区
朝阳区
朝阳区
朝阳区
朝阳区
朝阳区
朝阳区
朝阳区
朝阳区
朝阳区
朝阳区
海淀区
海淀区
海淀区
大兴区
大兴区
大兴区
大兴区
大兴区
大兴区
大兴区
大兴区
大兴区
大兴区
大兴区
大兴区
朝阳区
朝阳区
朝阳区
朝阳区
海淀区
海淀区
海淀区
海淀区
海淀区
丰台区
朝阳区
朝阳区
东城区
东城区
丰台区
朝阳区
朝阳区
朝阳区
朝阳区
昌平区
昌平区
昌平区
昌平区
昌平区
昌平区
昌平区
朝阳区
朝阳区
朝阳区
丰台区
丰台区
丰台区
丰台区
丰台区
丰台区
丰台区
丰台区
丰台区
通州区
朝阳区
朝阳区
朝阳区
朝阳区
通州区
朝阳区
朝阳区
朝阳区
朝阳区
朝阳区
朝阳区
大兴区
大兴区
大兴区
大兴区
大兴区
丰台区
丰台区
丰台区
丰台区
丰台区
丰台区
丰台区
丰台区
丰台区
丰台区
丰台区
丰台区
丰台区
丰台区
朝阳区
朝阳区
朝阳区
朝阳区
朝阳区
丰台区
丰台区
丰台区
丰台区
丰台区
东城区
东城区
东城区
东城区
东城区
东城区
东城区
东城区
东城区
海淀区
海淀区
海淀区
海淀区
海淀区
海淀区
海淀区
海淀区
海淀区
西城区
朝阳区
朝阳区
朝阳区
朝阳区
朝阳区
朝阳区
朝阳区
朝阳区
朝阳区
朝阳区
大兴区
大兴区
大兴区
大兴区
大兴区
海淀区
海淀区
海淀区
丰台区
丰台区
丰台区
丰台区
丰台区
通州区
通州区
通州区
通州区
通州区
朝阳区
朝阳区
朝阳区
朝阳区
朝阳区
朝阳区
朝阳区
朝阳区
朝阳区
大兴区
大兴区
大兴区
大兴区
海淀区
海淀区
朝阳区
朝阳区
朝阳区
朝阳区
朝阳区
朝阳区
朝阳区
朝阳区
朝阳区
朝阳区
朝阳区
朝阳区
朝阳区
朝阳区
朝阳区
朝阳区
西城区
西城区
西城区
朝阳区
朝阳区
朝阳区
朝阳区
朝阳区
朝阳区
朝阳区
朝阳区
朝阳区
朝阳区
朝阳区
朝阳区
朝阳区
朝阳区
朝阳区
朝阳区
朝阳区
东城区
东城区
东城区
朝阳区
朝阳区
朝阳区
朝阳区
朝阳区
朝阳区
朝阳区
朝阳区
丰台区
丰台区
丰台区
朝阳区
朝阳区
朝阳区
朝阳区
朝阳区
丰台区
丰台区
丰台区
通州区
通州区
通州区
通州区
通州区
丰台区
丰台区
丰台区
丰台区
朝阳区
朝阳区
朝阳区
东城区
朝阳区
朝阳区
朝阳区
朝阳区
朝阳区
丰台区
海淀区
海淀区
海淀区
海淀区
海淀区
朝阳区
朝阳区
朝阳区
朝阳区
朝阳区
朝阳区
朝阳区
朝阳区
朝阳区
东城区
朝阳区
东城区
朝阳区
朝阳区
朝阳区
朝阳区
朝阳区
朝阳区
朝阳区
朝阳区
西城区
西城区
西城区
西城区
西城区
通州区
通州区
通州区
通州区
通州区
通州区
通州区
通州区
通州区
通州区
通州区
通州区
通州区
朝阳区
朝阳区
朝阳区
朝阳区
朝阳区
朝阳区
朝阳区
朝阳区
房山区
房山区
房山区
房山区
房山区
东城区
东城区
东城区
东城区
东城区
东城区
东城区
东城区
东城区
东城区
丰台区
丰台区
丰台区
丰台区
朝阳区
朝阳区
朝阳区
朝阳区
朝阳区
朝阳区
朝阳区
朝阳区
朝阳区
朝阳区
丰台区
丰台区
丰台区
丰台区
朝阳区
朝阳区
丰台区
丰台区
丰台区
丰台区
朝阳区
朝阳区
朝阳区
朝阳区
朝阳区
朝阳区
朝阳区
朝阳区
东城区
东城区
朝阳区
朝阳区
朝阳区
朝阳区
朝阳区
朝阳区
海淀区
海淀区
西城区
西城区
西城区
朝阳区
朝阳区
朝阳区
朝阳区
朝阳区
朝阳区
朝阳区
朝阳区
朝阳区
朝阳区
朝阳区
朝阳区
朝阳区
朝阳区
朝阳区
朝阳区
朝阳区
朝阳区
朝阳区
朝阳区
朝阳区
朝阳区
朝阳区
朝阳区
朝阳区
朝阳区
朝阳区
朝阳区
朝阳区
朝阳区
朝阳区
朝阳区
朝阳区
朝阳区
朝阳区
朝阳区
朝阳区
朝阳区
朝阳区
朝阳区
朝阳区
朝阳区
朝阳区
海淀区
海淀区
海淀区
海淀区
海淀区
朝阳区
朝阳区
朝阳区
朝阳区
朝阳区
朝阳区
朝阳区
朝阳区
朝阳区
朝阳区
朝阳区
朝阳区
朝阳区
朝阳区
朝阳区
朝阳区
朝阳区
朝阳区
朝阳区
通州区
通州区
朝阳区
东城区
丰台区
丰台区
朝阳区
朝阳区
朝阳区
朝阳区
朝阳区
朝阳区
东城区
东城区
东城区
东城区
朝阳区
朝阳区
朝阳区
朝阳区
朝阳区
朝阳区
朝阳区
朝阳区
朝阳区
朝阳区
朝阳区
朝阳区
朝阳区
顺义区
顺义区
顺义区
顺义区
朝阳区
朝阳区
朝阳区
朝阳区
朝阳区
朝阳区
朝阳区
朝阳区
朝阳区
朝阳区
朝阳区
朝阳区
朝阳区
朝阳区
朝阳区
朝阳区
朝阳区
朝阳区
朝阳区
朝阳区
朝阳区
朝阳区
朝阳区
朝阳区
朝阳区
朝阳区
朝阳区
朝阳区
朝阳区
朝阳区
朝阳区
朝阳区
朝阳区
朝阳区
朝阳区
朝阳区
朝阳区
朝阳区
朝阳区
朝阳区
朝阳区
朝阳区
朝阳区
海淀区
海淀区
海淀区
海淀区
海淀区
朝阳区
朝阳区
朝阳区
朝阳区
朝阳区
朝阳区
朝阳区
朝阳区
朝阳区
朝阳区
朝阳区
朝阳区
朝阳区
朝阳区
朝阳区
朝阳区
朝阳区
朝阳区
朝阳区
朝阳区
朝阳区
朝阳区
朝阳区
朝阳区
朝阳区
朝阳区
朝阳区
朝阳区
朝阳区
朝阳区
朝阳区
丰台区
朝阳区
朝阳区
朝阳区
朝阳区
朝阳区
朝阳区
朝阳区
朝阳区
朝阳区
朝阳区
朝阳区
丰台区
丰台区
丰台区
丰台区
朝阳区
朝阳区
朝阳区
朝阳区
朝阳区
朝阳区
朝阳区
朝阳区
朝阳区
朝阳区
朝阳区
朝阳区
朝阳区
朝阳区
朝阳区
朝阳区
朝阳区
朝阳区
朝阳区
朝阳区
朝阳区
丰台区
丰台区
丰台区
丰台区
朝阳区
朝阳区
朝阳区
朝阳区
朝阳区
朝阳区
朝阳区
朝阳区
朝阳区
朝阳区
朝阳区
大兴区
朝阳区
朝阳区
朝阳区
朝阳区
朝阳区
朝阳区
朝阳区
朝阳区
房山区
房山区
房山区
房山区
房山区
房山区
房山区
房山区
房山区
房山区
房山区
房山区
房山区
房山区
房山区
朝阳区
朝阳区
朝阳区
朝阳区
朝阳区
朝阳区
朝阳区
朝阳区
朝阳区
朝阳区
朝阳区
朝阳区
朝阳区
海淀区
海淀区
海淀区
海淀区
海淀区
海淀区
海淀区
海淀区
朝阳区
朝阳区
朝阳区
朝阳区
朝阳区
朝阳区
朝阳区
朝阳区
朝阳区
朝阳区
朝阳区
朝阳区
朝阳区
朝阳区
朝阳区
朝阳区
朝阳区
朝阳区
朝阳区
朝阳区
朝阳区
海淀区
海淀区
海淀区
海淀区
朝阳区
朝阳区
朝阳区
朝阳区
朝阳区
通州区
通州区
通州区
朝阳区
通州区
朝阳区
朝阳区
朝阳区
朝阳区
通州区
通州区
通州区
通州区
朝阳区
朝阳区
朝阳区
朝阳区
朝阳区
朝阳区
朝阳区
朝阳区
朝阳区
朝阳区
昌平区
昌平区
昌平区
昌平区
昌平区
东城区
东城区
东城区
东城区
东城区
朝阳区
朝阳区
朝阳区
朝阳区
朝阳区
朝阳区
朝阳区
朝阳区
朝阳区
朝阳区
朝阳区
朝阳区
朝阳区
朝阳区
朝阳区
朝阳区
朝阳区
朝阳区
朝阳区
朝阳区
朝阳区
朝阳区
朝阳区
朝阳区
朝阳区
朝阳区
朝阳区
朝阳区
朝阳区
朝阳区
朝阳区
朝阳区
通州区
通州区
通州区
通州区
海淀区
海淀区
海淀区
海淀区
丰台区
丰台区
丰台区
丰台区
东城区
东城区
东城区
东城区
怀柔区
朝阳区
朝阳区
朝阳区
朝阳区
朝阳区
朝阳区
朝阳区
朝阳区
朝阳区
朝阳区
朝阳区
朝阳区
朝阳区
朝阳区
朝阳区
丰台区
丰台区
丰台区
丰台区
东城区
朝阳区
朝阳区
朝阳区
西城区
西城区
西城区
西城区
西城区
朝阳区
朝阳区
朝阳区
朝阳区
朝阳区
丰台区
丰台区
丰台区
丰台区
丰台区
丰台区
丰台区
丰台区
丰台区
丰台区
通州区
海淀区
海淀区
海淀区
海淀区
海淀区
丰台区
丰台区
大兴区
大兴区
大兴区
朝阳区
朝阳区
朝阳区
朝阳区
朝阳区
通州区
通州区
通州区
朝阳区
朝阳区
朝阳区
朝阳区
朝阳区
朝阳区
朝阳区
朝阳区
朝阳区
朝阳区
朝阳区
朝阳区
朝阳区
朝阳区
朝阳区
朝阳区
丰台区
丰台区
丰台区
丰台区
丰台区
丰台区
丰台区
丰台区
丰台区
丰台区
丰台区
丰台区
丰台区
丰台区
丰台区
丰台区
朝阳区
朝阳区
朝阳区
朝阳区
朝阳区
丰台区
丰台区
丰台区
丰台区
丰台区
朝阳区
朝阳区
朝阳区
朝阳区
朝阳区
朝阳区
朝阳区
朝阳区
朝阳区
朝阳区
东城区
东城区
东城区
东城区
东城区
东城区
东城区
东城区
朝阳区
朝阳区
朝阳区
朝阳区
朝阳区
朝阳区
朝阳区
朝阳区
朝阳区
海淀区
海淀区
海淀区
海淀区
海淀区
朝阳区
朝阳区
朝阳区
朝阳区
朝阳区
朝阳区
朝阳区
朝阳区
朝阳区
朝阳区
朝阳区
朝阳区
朝阳区
朝阳区
朝阳区
朝阳区
朝阳区
朝阳区
丰台区
丰台区
丰台区
丰台区
朝阳区
朝阳区
朝阳区
朝阳区
朝阳区
朝阳区
朝阳区
朝阳区
朝阳区
朝阳区
朝阳区
朝阳区
朝阳区
朝阳区
朝阳区
朝阳区
朝阳区
朝阳区
朝阳区
朝阳区
朝阳区
朝阳区
朝阳区
朝阳区
朝阳区
朝阳区
朝阳区
朝阳区
朝阳区
朝阳区
朝阳区
朝阳区
朝阳区
朝阳区
朝阳区
朝阳区
朝阳区
朝阳区
大兴区
大兴区
昌平区
昌平区
昌平区
昌平区
昌平区
朝阳区
朝阳区
朝阳区
朝阳区
朝阳区
朝阳区
昌平区
朝阳区
朝阳区
朝阳区
朝阳区
朝阳区
朝阳区
朝阳区
朝阳区
朝阳区
朝阳区
朝阳区
朝阳区
朝阳区
朝阳区
朝阳区
朝阳区
朝阳区
朝阳区
朝阳区
朝阳区
朝阳区
朝阳区
朝阳区
朝阳区
朝阳区
朝阳区
丰台区
丰台区
丰台区
丰台区
丰台区
朝阳区
朝阳区
朝阳区
朝阳区
朝阳区
通州区
通州区
通州区
通州区
朝阳区
朝阳区
朝阳区
朝阳区
朝阳区
朝阳区
朝阳区
朝阳区
朝阳区
朝阳区
朝阳区
朝阳区
朝阳区
朝阳区
朝阳区
朝阳区
东城区
海淀区
海淀区
海淀区
朝阳区
朝阳区
朝阳区
朝阳区
朝阳区
朝阳区
朝阳区
朝阳区
朝阳区
朝阳区
朝阳区
朝阳区
朝阳区
朝阳区
朝阳区
朝阳区
朝阳区
朝阳区
朝阳区
朝阳区
朝阳区
朝阳区
朝阳区
朝阳区
朝阳区
朝阳区
朝阳区
朝阳区
朝阳区
朝阳区
朝阳区
朝阳区
朝阳区
朝阳区
朝阳区
朝阳区
朝阳区
朝阳区
东城区
东城区
东城区
东城区
丰台区
丰台区
丰台区
丰台区
丰台区
丰台区
丰台区
丰台区
丰台区
朝阳区
朝阳区
朝阳区
朝阳区
朝阳区
朝阳区
朝阳区
朝阳区
朝阳区
朝阳区
朝阳区
朝阳区
朝阳区
朝阳区
海淀区
海淀区
海淀区
海淀区
海淀区
朝阳区
朝阳区
朝阳区
朝阳区
门头沟区
门头沟区
门头沟区
门头沟区
房山区
房山区
房山区
房山区
房山区
朝阳区
朝阳区
朝阳区
朝阳区
朝阳区
朝阳区
朝阳区
朝阳区
朝阳区
丰台区
朝阳区
丰台区
朝阳区
朝阳区
海淀区
海淀区
海淀区
海淀区
海淀区
海淀区
海淀区
朝阳区
朝阳区
朝阳区
朝阳区
朝阳区
朝阳区
朝阳区
朝阳区
朝阳区
朝阳区
朝阳区
朝阳区
朝阳区
朝阳区
朝阳区
朝阳区
朝阳区
朝阳区
朝阳区
朝阳区
朝阳区
海淀区
海淀区
海淀区
海淀区
朝阳区
朝阳区
朝阳区
朝阳区
朝阳区
昌平区
昌平区
昌平区
海淀区
海淀区
海淀区
海淀区
海淀区
海淀区
海淀区
海淀区
海淀区
海淀区
朝阳区
朝阳区
朝阳区
朝阳区
朝阳区
朝阳区
朝阳区
朝阳区
朝阳区
西城区
西城区
西城区
西城区
丰台区
丰台区
丰台区
丰台区
丰台区
丰台区
丰台区
丰台区
丰台区
丰台区
丰台区
丰台区
丰台区
丰台区
丰台区
丰台区
丰台区
丰台区
丰台区
丰台区
丰台区
丰台区
丰台区
朝阳区
朝阳区
朝阳区
朝阳区
通州区
通州区
朝阳区
朝阳区
朝阳区
朝阳区
朝阳区
朝阳区
朝阳区
朝阳区
朝阳区
朝阳区
朝阳区
朝阳区
朝阳区
朝阳区
朝阳区
朝阳区
朝阳区
朝阳区
朝阳区
朝阳区
朝阳区
朝阳区
朝阳区
海淀区
海淀区
海淀区
海淀区
朝阳区
朝阳区
朝阳区
丰台区
丰台区
丰台区
丰台区
丰台区
丰台区
丰台区
丰台区
丰台区
朝阳区
朝阳区
朝阳区
朝阳区
丰台区
丰台区
丰台区
丰台区
丰台区
丰台区
丰台区
丰台区
丰台区
朝阳区
朝阳区
朝阳区
朝阳区
石景山区
石景山区
石景山区
海淀区
海淀区
海淀区
海淀区
海淀区
海淀区
海淀区
海淀区
海淀区
海淀区
海淀区
朝阳区
朝阳区
朝阳区
朝阳区
朝阳区
通州区
通州区
通州区
通州区
朝阳区
朝阳区
朝阳区
朝阳区
朝阳区
朝阳区
朝阳区
朝阳区
朝阳区
朝阳区
朝阳区
朝阳区
朝阳区
朝阳区
朝阳区
朝阳区
朝阳区
朝阳区
朝阳区
朝阳区
朝阳区
朝阳区
朝阳区
朝阳区
朝阳区
朝阳区
朝阳区
朝阳区
朝阳区
朝阳区
朝阳区
朝阳区
海淀区
海淀区
海淀区
海淀区
丰台区
丰台区
丰台区
丰台区
丰台区
丰台区
丰台区
丰台区
丰台区
丰台区
丰台区
丰台区
丰台区
丰台区
丰台区
西城区
西城区
大兴区
丰台区
丰台区
丰台区
丰台区
丰台区
丰台区
丰台区
丰台区
丰台区
丰台区
朝阳区
朝阳区
朝阳区
朝阳区
朝阳区
朝阳区
朝阳区
朝阳区
东城区
东城区
东城区
东城区
朝阳区
朝阳区
朝阳区
西城区
海淀区
海淀区
海淀区
西城区
海淀区
海淀区
海淀区
朝阳区
朝阳区
朝阳区
朝阳区
朝阳区
朝阳区
朝阳区
朝阳区
昌平区
朝阳区
昌平区
朝阳区
朝阳区
朝阳区
朝阳区
昌平区
朝阳区
昌平区
门头沟区
门头沟区
朝阳区
朝阳区
朝阳区
朝阳区
朝阳区
朝阳区
朝阳区
朝阳区
海淀区
海淀区
海淀区
海淀区
海淀区
海淀区
朝阳区
朝阳区
朝阳区
朝阳区
朝阳区
朝阳区
朝阳区
朝阳区
朝阳区
朝阳区
丰台区
丰台区
丰台区
丰台区
丰台区
通州区
通州区
通州区
通州区
朝阳区
丰台区
朝阳区
朝阳区
朝阳区
朝阳区
朝阳区
朝阳区
东城区
东城区
东城区
东城区
朝阳区
朝阳区
朝阳区
朝阳区
朝阳区
大兴区
大兴区
大兴区
大兴区
大兴区
朝阳区
朝阳区
朝阳区
朝阳区
朝阳区
朝阳区
东城区
东城区
东城区
朝阳区
朝阳区
朝阳区
朝阳区
朝阳区
朝阳区
朝阳区
朝阳区
朝阳区
朝阳区
朝阳区
朝阳区
朝阳区
朝阳区
朝阳区
朝阳区
朝阳区
朝阳区
朝阳区
朝阳区
朝阳区
朝阳区
朝阳区
朝阳区
朝阳区
朝阳区
朝阳区
朝阳区
朝阳区
朝阳区
朝阳区
大兴区
朝阳区
大兴区
朝阳区
朝阳区
朝阳区
朝阳区
朝阳区
朝阳区
朝阳区
朝阳区
朝阳区
朝阳区
朝阳区
朝阳区
通州区
通州区
朝阳区
朝阳区
朝阳区
朝阳区
朝阳区
朝阳区
朝阳区
朝阳区
朝阳区
朝阳区
朝阳区
通州区
通州区
丰台区
丰台区
丰台区
丰台区
丰台区
朝阳区
朝阳区
朝阳区
朝阳区
朝阳区
朝阳区
朝阳区
朝阳区
朝阳区
朝阳区
朝阳区
朝阳区
海淀区
海淀区
海淀区
海淀区
朝阳区
朝阳区
朝阳区
朝阳区
朝阳区
朝阳区
朝阳区
朝阳区
朝阳区
朝阳区
朝阳区
朝阳区
朝阳区
朝阳区
朝阳区
朝阳区
朝阳区
朝阳区
朝阳区
朝阳区
朝阳区
朝阳区
朝阳区
朝阳区
朝阳区
朝阳区
朝阳区
朝阳区
朝阳区
朝阳区
朝阳区
朝阳区
朝阳区
朝阳区
朝阳区
朝阳区
朝阳区
朝阳区
大兴区
大兴区
大兴区
大兴区
大兴区
朝阳区
朝阳区
朝阳区
朝阳区
朝阳区
朝阳区
朝阳区
朝阳区
朝阳区
朝阳区
朝阳区
朝阳区
丰台区
丰台区
大兴区
丰台区
丰台区
大兴区
丰台区
大兴区
丰台区
西城区
西城区
西城区
西城区
西城区
西城区
西城区
西城区
西城区
西城区
朝阳区
东城区
东城区
朝阳区
朝阳区
朝阳区
朝阳区
朝阳区
东城区
东城区
东城区
东城区
东城区
东城区
东城区
东城区
东城区
东城区
朝阳区
朝阳区
朝阳区
朝阳区
朝阳区
朝阳区
朝阳区
朝阳区
朝阳区
朝阳区
朝阳区
朝阳区
朝阳区
丰台区
东城区
东城区
东城区
东城区
东城区
朝阳区
朝阳区
朝阳区
朝阳区
海淀区
海淀区
海淀区
海淀区
朝阳区
朝阳区
朝阳区
朝阳区
朝阳区
朝阳区
大兴区
朝阳区
海淀区
海淀区
海淀区
海淀区
海淀区
朝阳区
朝阳区
朝阳区
朝阳区
丰台区
丰台区
东城区
东城区
东城区
海淀区
海淀区
海淀区
海淀区
丰台区
丰台区
朝阳区
朝阳区
朝阳区
朝阳区
通州区
朝阳区
大兴区
朝阳区
通州区
通州区
通州区
东城区
东城区
东城区
东城区
东城区
朝阳区
丰台区
丰台区
丰台区
丰台区
丰台区
朝阳区
朝阳区
朝阳区
朝阳区
朝阳区
朝阳区
朝阳区
朝阳区
朝阳区
朝阳区
大兴区
大兴区
大兴区
朝阳区
朝阳区
朝阳区
朝阳区
朝阳区
朝阳区
朝阳区
朝阳区
东城区
东城区
东城区
东城区
东城区
石景山区
石景山区
石景山区
石景山区
海淀区
海淀区
海淀区
海淀区
海淀区
海淀区
海淀区
海淀区
海淀区
海淀区
海淀区
海淀区
海淀区
海淀区
海淀区
海淀区
海淀区
海淀区
东城区
朝阳区
朝阳区
朝阳区
朝阳区
朝阳区
朝阳区
朝阳区
朝阳区
朝阳区
海淀区
海淀区
海淀区
海淀区
海淀区
海淀区
海淀区
海淀区
海淀区
海淀区
朝阳区
朝阳区
朝阳区
朝阳区
朝阳区
朝阳区
朝阳区
朝阳区
朝阳区
朝阳区
朝阳区
朝阳区
朝阳区
朝阳区
朝阳区
朝阳区
朝阳区
朝阳区
朝阳区
丰台区
朝阳区
朝阳区
朝阳区
朝阳区
朝阳区
朝阳区
朝阳区
朝阳区
朝阳区
朝阳区
朝阳区
朝阳区
朝阳区
朝阳区
朝阳区
朝阳区
朝阳区
朝阳区
朝阳区
朝阳区
朝阳区
朝阳区
朝阳区
大兴区
朝阳区
朝阳区
朝阳区
东城区
东城区
东城区
东城区
东城区
东城区
东城区
东城区
东城区
东城区
东城区
东城区
东城区
东城区
东城区
东城区
东城区
东城区
东城区
东城区
东城区
东城区
朝阳区
朝阳区
朝阳区
朝阳区
石景山区
昌平区
朝阳区
昌平区
朝阳区
昌平区
东城区
东城区
东城区
东城区
朝阳区
朝阳区
朝阳区
朝阳区
朝阳区
朝阳区
朝阳区
海淀区
海淀区
海淀区
朝阳区
朝阳区
海淀区
海淀区
海淀区
丰台区
丰台区
丰台区
丰台区
丰台区
丰台区
丰台区
丰台区
丰台区
丰台区
丰台区
朝阳区
朝阳区
朝阳区
朝阳区
朝阳区
朝阳区
朝阳区
顺义区
顺义区
顺义区
朝阳区
朝阳区
朝阳区
朝阳区
东城区
东城区
东城区
通州区
通州区
通州区
通州区
通州区
朝阳区
朝阳区
朝阳区
朝阳区
朝阳区
朝阳区
朝阳区
大兴区
大兴区
大兴区
大兴区
大兴区
朝阳区
朝阳区
朝阳区
朝阳区
东城区
东城区
东城区
东城区
朝阳区
朝阳区
朝阳区
朝阳区
朝阳区
朝阳区
朝阳区
朝阳区
朝阳区
丰台区
丰台区
丰台区
丰台区
丰台区
朝阳区
朝阳区
朝阳区
朝阳区
东城区
东城区
东城区
东城区
东城区
通州区
通州区
通州区
通州区
朝阳区
朝阳区
朝阳区
朝阳区
朝阳区
朝阳区
通州区
通州区
通州区
通州区
通州区
通州区
通州区
通州区
东城区
东城区
东城区
东城区
海淀区
海淀区
海淀区
海淀区
海淀区
海淀区
大兴区
大兴区
丰台区
丰台区
西城区
西城区
丰台区
西城区
丰台区
东城区
东城区
东城区
东城区
东城区
海淀区
海淀区
海淀区
海淀区
朝阳区
朝阳区
朝阳区
朝阳区
丰台区
丰台区
丰台区
朝阳区
朝阳区
朝阳区
朝阳区
丰台区
丰台区
丰台区
丰台区
丰台区
朝阳区
朝阳区
朝阳区
朝阳区
朝阳区
朝阳区
朝阳区
朝阳区
朝阳区
朝阳区
朝阳区
朝阳区
朝阳区
朝阳区
朝阳区
朝阳区
朝阳区
朝阳区
朝阳区
朝阳区
朝阳区
朝阳区
朝阳区
朝阳区
朝阳区
朝阳区
朝阳区
朝阳区
朝阳区
朝阳区
朝阳区
朝阳区
朝阳区
朝阳区
朝阳区
朝阳区
朝阳区
朝阳区
朝阳区
朝阳区
朝阳区
朝阳区
朝阳区
朝阳区
朝阳区
朝阳区
朝阳区
朝阳区
朝阳区
朝阳区
朝阳区
朝阳区
朝阳区
朝阳区
丰台区
丰台区
海淀区
海淀区
海淀区
海淀区
海淀区
海淀区
海淀区
海淀区
海淀区
海淀区
海淀区
海淀区
海淀区
朝阳区
朝阳区
朝阳区
朝阳区
朝阳区
朝阳区
丰台区
朝阳区
丰台区
丰台区
丰台区
丰台区
丰台区
丰台区
丰台区
丰台区
丰台区
丰台区
丰台区
丰台区
丰台区
朝阳区
朝阳区
朝阳区
朝阳区
朝阳区
朝阳区
朝阳区
朝阳区
朝阳区
朝阳区
朝阳区
朝阳区
朝阳区
朝阳区
东城区
东城区
东城区
东城区
西城区
西城区
西城区
西城区
西城区
朝阳区
朝阳区
大兴区
朝阳区
朝阳区
朝阳区
朝阳区
朝阳区
东城区
东城区
东城区
东城区
丰台区
丰台区
丰台区
丰台区
丰台区
西城区
西城区
西城区
西城区
西城区
朝阳区
朝阳区
朝阳区
朝阳区
朝阳区
朝阳区
朝阳区
朝阳区
朝阳区
朝阳区
西城区
西城区
朝阳区
朝阳区
朝阳区
朝阳区
朝阳区
朝阳区
东城区
东城区
东城区
东城区
昌平区
昌平区
昌平区
昌平区
昌平区
丰台区
丰台区
丰台区
丰台区
丰台区
朝阳区
东城区
丰台区
丰台区
丰台区
丰台区
朝阳区
朝阳区
朝阳区
朝阳区
朝阳区
朝阳区
朝阳区
朝阳区
朝阳区
西城区
西城区
西城区
西城区
东城区
朝阳区
东城区
东城区
朝阳区
朝阳区
朝阳区
朝阳区
朝阳区
西城区
西城区
西城区
西城区
丰台区
丰台区
丰台区
丰台区
丰台区
东城区
朝阳区
东城区
东城区
朝阳区
朝阳区
朝阳区
朝阳区
朝阳区
朝阳区
朝阳区
朝阳区
朝阳区
昌平区
昌平区
海淀区
海淀区
海淀区
海淀区
海淀区
海淀区
海淀区
海淀区
海淀区
朝阳区
朝阳区
朝阳区
朝阳区
朝阳区
朝阳区
朝阳区
朝阳区
朝阳区
朝阳区
朝阳区
朝阳区
朝阳区
朝阳区
丰台区
丰台区
丰台区
丰台区
丰台区
丰台区
丰台区
丰台区
丰台区
丰台区
丰台区
丰台区
丰台区
大兴区
大兴区
大兴区
大兴区
大兴区
大兴区
朝阳区
朝阳区
朝阳区
朝阳区
东城区
东城区
海淀区
海淀区
海淀区
大兴区
东城区
东城区
东城区
东城区
东城区
东城区
朝阳区
朝阳区
朝阳区
朝阳区
朝阳区
朝阳区
朝阳区
丰台区
丰台区
丰台区
丰台区
朝阳区
朝阳区
朝阳区
朝阳区
朝阳区
朝阳区
朝阳区
朝阳区
朝阳区
房山区
大兴区
大兴区
大兴区
大兴区
朝阳区
朝阳区
朝阳区
朝阳区
朝阳区
朝阳区
朝阳区
朝阳区
朝阳区
朝阳区
朝阳区
朝阳区
朝阳区
朝阳区
朝阳区
朝阳区
朝阳区
朝阳区
朝阳区
朝阳区
朝阳区
朝阳区
朝阳区
西城区
西城区
西城区
海淀区
海淀区
海淀区
海淀区
海淀区
朝阳区
朝阳区
朝阳区
朝阳区
朝阳区
朝阳区
朝阳区
海淀区
海淀区
海淀区
朝阳区
朝阳区
朝阳区
朝阳区
朝阳区
朝阳区
朝阳区
朝阳区
朝阳区
朝阳区
海淀区
海淀区
海淀区
海淀区
海淀区
朝阳区
朝阳区
朝阳区
朝阳区
朝阳区
朝阳区
朝阳区
朝阳区
朝阳区
朝阳区
朝阳区
朝阳区
朝阳区
朝阳区
朝阳区
朝阳区
朝阳区
朝阳区
朝阳区
朝阳区
朝阳区
朝阳区
朝阳区
朝阳区
朝阳区
朝阳区
朝阳区
朝阳区
朝阳区
朝阳区
朝阳区
朝阳区
朝阳区
朝阳区
朝阳区
朝阳区
朝阳区
朝阳区
朝阳区
朝阳区
朝阳区
朝阳区
朝阳区
朝阳区
朝阳区
朝阳区
东城区
东城区
东城区
东城区
东城区
朝阳区
朝阳区
朝阳区
朝阳区
朝阳区
朝阳区
朝阳区
朝阳区
朝阳区
朝阳区
朝阳区
朝阳区
朝阳区
朝阳区
朝阳区
朝阳区
朝阳区
朝阳区
朝阳区
朝阳区
朝阳区
朝阳区
朝阳区
朝阳区
朝阳区
朝阳区
朝阳区
朝阳区
朝阳区
门头沟区
丰台区
海淀区
海淀区
海淀区
海淀区
昌平区
昌平区
昌平区
昌平区
昌平区
朝阳区
朝阳区
朝阳区
朝阳区
朝阳区
朝阳区
朝阳区
朝阳区
朝阳区
东城区
东城区
东城区
东城区
东城区
东城区
朝阳区
朝阳区
朝阳区
朝阳区
朝阳区
朝阳区
朝阳区
朝阳区
朝阳区
昌平区
昌平区
昌平区
朝阳区
朝阳区
朝阳区
朝阳区
朝阳区
朝阳区
朝阳区
东城区
东城区
朝阳区
丰台区
丰台区
丰台区
丰台区
丰台区
朝阳区
朝阳区
朝阳区
朝阳区
朝阳区
朝阳区
朝阳区
朝阳区
朝阳区
丰台区
丰台区
丰台区
丰台区
朝阳区
朝阳区
朝阳区
东城区
东城区
朝阳区
朝阳区
朝阳区
朝阳区
朝阳区
朝阳区
朝阳区
朝阳区
朝阳区
朝阳区
朝阳区
朝阳区
朝阳区
朝阳区
海淀区
海淀区
海淀区
丰台区
东城区
朝阳区
朝阳区
朝阳区
朝阳区
朝阳区
东城区
东城区
东城区
东城区
朝阳区
朝阳区
朝阳区
朝阳区
朝阳区
朝阳区
海淀区
海淀区
海淀区
海淀区
海淀区
大兴区
大兴区
大兴区
大兴区
大兴区
朝阳区
朝阳区
朝阳区
朝阳区
朝阳区
朝阳区
朝阳区
朝阳区
朝阳区
海淀区
海淀区
海淀区
海淀区
海淀区
丰台区
丰台区
丰台区
丰台区
丰台区
朝阳区
朝阳区
朝阳区
朝阳区
朝阳区
朝阳区
朝阳区
朝阳区
朝阳区
朝阳区
朝阳区
朝阳区
朝阳区
海淀区
海淀区
海淀区
海淀区
朝阳区
朝阳区
朝阳区
朝阳区
朝阳区
海淀区
海淀区
朝阳区
朝阳区
朝阳区
朝阳区
朝阳区
通州区
通州区
通州区
通州区
通州区
东城区
东城区
西城区
丰台区
丰台区
海淀区
西城区
海淀区
西城区
海淀区
朝阳区
朝阳区
朝阳区
朝阳区
昌平区
昌平区
昌平区
昌平区
朝阳区
朝阳区
朝阳区
朝阳区
朝阳区
朝阳区
朝阳区
朝阳区
朝阳区
朝阳区
朝阳区
朝阳区
朝阳区
朝阳区
东城区
朝阳区
朝阳区
朝阳区
东城区
朝阳区
朝阳区
朝阳区
海淀区
海淀区
海淀区
海淀区
海淀区
东城区
丰台区
丰台区
丰台区
朝阳区
朝阳区
朝阳区
朝阳区
朝阳区
朝阳区
朝阳区
朝阳区
朝阳区
朝阳区
朝阳区
朝阳区
通州区
通州区
通州区
通州区
朝阳区
朝阳区
朝阳区
朝阳区
朝阳区
丰台区
朝阳区
海淀区
海淀区
海淀区
丰台区
朝阳区
海淀区
海淀区
海淀区
丰台区
朝阳区
海淀区
海淀区
海淀区
东城区
东城区
东城区
东城区
东城区
东城区
东城区
东城区
东城区
东城区
东城区
东城区
东城区
西城区
西城区
西城区
西城区
西城区
海淀区
海淀区
海淀区
海淀区
海淀区
朝阳区
朝阳区
朝阳区
朝阳区
朝阳区
朝阳区
朝阳区
朝阳区
朝阳区
朝阳区
朝阳区
朝阳区
朝阳区
朝阳区
朝阳区
朝阳区
大兴区
大兴区
大兴区
大兴区
大兴区
通州区
大兴区
朝阳区
朝阳区
朝阳区
朝阳区
丰台区
丰台区
丰台区
丰台区
丰台区
丰台区
丰台区
丰台区
东城区
丰台区
丰台区
东城区
丰台区
丰台区
丰台区
朝阳区
朝阳区
朝阳区
西城区
西城区
西城区
朝阳区
朝阳区
朝阳区
朝阳区
朝阳区
朝阳区
朝阳区
丰台区
丰台区
丰台区
丰台区
丰台区
丰台区
丰台区
丰台区
朝阳区
朝阳区
朝阳区
朝阳区
朝阳区
朝阳区
朝阳区
朝阳区
朝阳区
朝阳区
昌平区
昌平区
昌平区
昌平区
昌平区
海淀区
海淀区
海淀区
海淀区
朝阳区
朝阳区
西城区
西城区
东城区
西城区
西城区
东城区
朝阳区
朝阳区
朝阳区
朝阳区
朝阳区
朝阳区
朝阳区
朝阳区
朝阳区
朝阳区
朝阳区
通州区
通州区
朝阳区
朝阳区
朝阳区
朝阳区
朝阳区
朝阳区
朝阳区
朝阳区
朝阳区
朝阳区
朝阳区
朝阳区
朝阳区
朝阳区
朝阳区
海淀区
朝阳区
朝阳区
朝阳区
海淀区
海淀区
海淀区
海淀区
海淀区
昌平区
昌平区
昌平区
昌平区
昌平区
昌平区
昌平区
昌平区
昌平区
昌平区
东城区
东城区
东城区
东城区
丰台区
丰台区
朝阳区
朝阳区
朝阳区
通州区
朝阳区
朝阳区
朝阳区
朝阳区
朝阳区
朝阳区
朝阳区
朝阳区
朝阳区
朝阳区
朝阳区
朝阳区
朝阳区
朝阳区
朝阳区
朝阳区
朝阳区
东城区
东城区
东城区
东城区
东城区
朝阳区
朝阳区
朝阳区
朝阳区
朝阳区
朝阳区
朝阳区
朝阳区
朝阳区
朝阳区
朝阳区
朝阳区
朝阳区
朝阳区
朝阳区
朝阳区
朝阳区
朝阳区
东城区
东城区
东城区
东城区
朝阳区
朝阳区
朝阳区
朝阳区
朝阳区
延庆县
昌平区
昌平区
昌平区
大兴区
大兴区
大兴区
朝阳区
朝阳区
朝阳区
朝阳区
朝阳区
朝阳区
朝阳区
朝阳区
朝阳区
朝阳区
朝阳区
朝阳区
朝阳区
朝阳区
朝阳区
朝阳区
朝阳区
朝阳区
朝阳区
东城区
东城区
东城区
东城区
朝阳区
朝阳区
朝阳区
朝阳区
朝阳区
朝阳区
朝阳区
朝阳区
朝阳区
朝阳区
朝阳区
朝阳区
朝阳区
朝阳区
朝阳区
朝阳区
朝阳区
朝阳区
朝阳区
朝阳区
朝阳区
朝阳区
朝阳区
朝阳区
朝阳区
朝阳区
朝阳区
朝阳区
朝阳区
朝阳区
朝阳区
朝阳区
朝阳区
西城区
西城区
西城区
西城区
朝阳区
朝阳区
朝阳区
朝阳区
朝阳区
朝阳区
朝阳区
朝阳区
朝阳区
朝阳区
朝阳区
海淀区
海淀区
海淀区
海淀区
海淀区
海淀区
海淀区
海淀区
海淀区
朝阳区
朝阳区
朝阳区
朝阳区
朝阳区
东城区
东城区
东城区
东城区
东城区
东城区
东城区
东城区
东城区
东城区
东城区
东城区
东城区
东城区
东城区
东城区
东城区
东城区
东城区
丰台区
丰台区
丰台区
丰台区
朝阳区
朝阳区
朝阳区
朝阳区
朝阳区
朝阳区
朝阳区
朝阳区
朝阳区
朝阳区
朝阳区
朝阳区
朝阳区
朝阳区
通州区
通州区
通州区
通州区
通州区
东城区
东城区
东城区
东城区
东城区
东城区
东城区
东城区
丰台区
东城区
丰台区
东城区
东城区
东城区
东城区
东城区
朝阳区
朝阳区
朝阳区
朝阳区
朝阳区
东城区
东城区
东城区
海淀区
海淀区
东城区
东城区
东城区
东城区
东城区
东城区
东城区
东城区
东城区
东城区
朝阳区
朝阳区
朝阳区
顺义区
朝阳区
朝阳区
朝阳区
朝阳区
朝阳区
朝阳区
朝阳区
朝阳区
东城区
东城区
东城区
东城区
东城区
东城区
东城区
东城区
朝阳区
朝阳区
朝阳区
朝阳区
朝阳区
朝阳区
东城区
东城区
东城区
东城区
朝阳区
朝阳区
朝阳区
朝阳区
朝阳区
朝阳区
朝阳区
朝阳区
朝阳区
朝阳区
朝阳区
朝阳区
朝阳区
朝阳区
朝阳区
朝阳区
朝阳区
朝阳区
朝阳区
朝阳区
朝阳区
朝阳区
朝阳区
朝阳区
朝阳区
朝阳区
朝阳区
朝阳区
朝阳区
朝阳区
朝阳区
朝阳区
朝阳区
朝阳区
东城区
朝阳区
东城区
东城区
东城区
东城区
东城区
朝阳区
朝阳区
东城区
朝阳区
朝阳区
大兴区
大兴区
大兴区
大兴区
大兴区
大兴区
大兴区
大兴区
大兴区
大兴区
朝阳区
朝阳区
朝阳区
朝阳区
大兴区
大兴区
大兴区
大兴区
大兴区
大兴区
大兴区
大兴区
大兴区
大兴区
大兴区
大兴区
大兴区
朝阳区
朝阳区
朝阳区
朝阳区
朝阳区
朝阳区
朝阳区
朝阳区
朝阳区
朝阳区
朝阳区
朝阳区
朝阳区
朝阳区
朝阳区
朝阳区
朝阳区
朝阳区
朝阳区
朝阳区
朝阳区
通州区
通州区
通州区
朝阳区
朝阳区
朝阳区
朝阳区
朝阳区
通州区
朝阳区
朝阳区
朝阳区
朝阳区
朝阳区
朝阳区
朝阳区
朝阳区
朝阳区
朝阳区
朝阳区
朝阳区
朝阳区
朝阳区
朝阳区
大兴区
大兴区
大兴区
大兴区
大兴区
大兴区
大兴区
大兴区
大兴区
大兴区
东城区
东城区
丰台区
东城区
丰台区
丰台区
丰台区
丰台区
丰台区
东城区
丰台区
朝阳区
朝阳区
朝阳区
朝阳区
朝阳区
东城区
东城区
东城区
东城区
朝阳区
朝阳区
朝阳区
朝阳区
朝阳区
海淀区
海淀区
朝阳区
朝阳区
朝阳区
朝阳区
朝阳区
朝阳区
东城区
东城区
东城区
丰台区
丰台区
丰台区
丰台区
丰台区
通州区
通州区
通州区
朝阳区
朝阳区
朝阳区
朝阳区
朝阳区
丰台区
丰台区
丰台区
丰台区
丰台区
朝阳区
朝阳区
朝阳区
朝阳区
朝阳区
朝阳区
朝阳区
朝阳区
朝阳区
丰台区
丰台区
丰台区
丰台区
丰台区
朝阳区
朝阳区
朝阳区
朝阳区
朝阳区
朝阳区
朝阳区
朝阳区
朝阳区
朝阳区
朝阳区
朝阳区
朝阳区
西城区
西城区
西城区
朝阳区
朝阳区
朝阳区
朝阳区
朝阳区
通州区
通州区
通州区
通州区
朝阳区
朝阳区
朝阳区
朝阳区
朝阳区
朝阳区
朝阳区
朝阳区
朝阳区
昌平区
丰台区
丰台区
朝阳区
昌平区
朝阳区
昌平区
朝阳区
昌平区
昌平区
大兴区
大兴区
大兴区
房山区
房山区
朝阳区
朝阳区
朝阳区
朝阳区
朝阳区
朝阳区
朝阳区
朝阳区
朝阳区
大兴区
大兴区
大兴区
昌平区
昌平区
昌平区
昌平区
大兴区
大兴区
大兴区
大兴区
大兴区
西城区
西城区
西城区
西城区
西城区
朝阳区
朝阳区
朝阳区
朝阳区
朝阳区
朝阳区
朝阳区
朝阳区
朝阳区
朝阳区
昌平区
昌平区
昌平区
朝阳区
朝阳区
朝阳区
朝阳区
朝阳区
东城区
朝阳区
东城区
朝阳区
朝阳区
朝阳区
朝阳区
朝阳区
朝阳区
朝阳区
朝阳区
朝阳区
丰台区
丰台区
丰台区
丰台区
朝阳区
朝阳区
朝阳区
朝阳区
西城区
西城区
西城区
西城区
朝阳区
朝阳区
朝阳区
西城区
西城区
西城区
丰台区
丰台区
西城区
西城区
丰台区
丰台区
丰台区
朝阳区
朝阳区
朝阳区
朝阳区
通州区
通州区
通州区
朝阳区
朝阳区
朝阳区
朝阳区
朝阳区
西城区
西城区
西城区
西城区
西城区
昌平区
昌平区
昌平区
昌平区
昌平区
昌平区
朝阳区
朝阳区
朝阳区
朝阳区
朝阳区
丰台区
丰台区
丰台区
丰台区
丰台区
朝阳区
大兴区
朝阳区
朝阳区
朝阳区
朝阳区
朝阳区
朝阳区
朝阳区
朝阳区
朝阳区
海淀区
海淀区
海淀区
海淀区
海淀区
石景山区
石景山区
石景山区
西城区
西城区
西城区
西城区
朝阳区
朝阳区
朝阳区
朝阳区
朝阳区
朝阳区
朝阳区
朝阳区
朝阳区
丰台区
丰台区
丰台区
丰台区
丰台区
丰台区
丰台区
丰台区
丰台区
丰台区
丰台区
丰台区
海淀区
海淀区
海淀区
海淀区
海淀区
海淀区
海淀区
海淀区
海淀区
西城区
西城区
朝阳区
朝阳区
通州区
通州区
通州区
通州区
朝阳区
朝阳区
朝阳区
朝阳区
朝阳区
朝阳区
朝阳区
朝阳区
朝阳区
朝阳区
朝阳区
朝阳区
朝阳区
朝阳区
朝阳区
朝阳区
朝阳区
朝阳区
朝阳区
丰台区
丰台区
丰台区
丰台区
丰台区
丰台区
丰台区
丰台区
海淀区
昌平区
海淀区
丰台区
丰台区
丰台区
丰台区
丰台区
朝阳区
朝阳区
朝阳区
朝阳区
朝阳区
朝阳区
朝阳区
朝阳区
朝阳区
朝阳区
海淀区
海淀区
海淀区
海淀区
海淀区
海淀区
海淀区
海淀区
大兴区
大兴区
大兴区
大兴区
大兴区
大兴区
大兴区
大兴区
大兴区
大兴区
房山区
房山区
房山区
朝阳区
朝阳区
朝阳区
朝阳区
东城区
东城区
东城区
丰台区
丰台区
丰台区
丰台区
丰台区
海淀区
海淀区
海淀区
海淀区
海淀区
海淀区
海淀区
海淀区
大兴区
大兴区
大兴区
大兴区
丰台区
丰台区
丰台区
丰台区
丰台区
朝阳区
朝阳区
朝阳区
通州区
通州区
通州区
通州区
朝阳区
通州区
通州区
通州区
通州区
通州区
通州区
通州区
通州区
朝阳区
朝阳区
朝阳区
朝阳区
朝阳区
朝阳区
朝阳区
朝阳区
朝阳区
朝阳区
朝阳区
东城区
东城区
东城区
大兴区
大兴区
丰台区
丰台区
丰台区
丰台区
丰台区
丰台区
海淀区
海淀区
海淀区
海淀区
海淀区
丰台区
丰台区
丰台区
丰台区
丰台区
丰台区
丰台区
丰台区
丰台区
丰台区
海淀区
海淀区
海淀区
海淀区
海淀区
石景山区
海淀区
石景山区
石景山区
石景山区
朝阳区
朝阳区
朝阳区
朝阳区
朝阳区
朝阳区
朝阳区
通州区
通州区
通州区
通州区
通州区
朝阳区
朝阳区
朝阳区
朝阳区
通州区
通州区
通州区
通州区
通州区
朝阳区
朝阳区
朝阳区
朝阳区
朝阳区
西城区
西城区
丰台区
丰台区
丰台区
大兴区
大兴区
大兴区
大兴区
大兴区
西城区
海淀区
海淀区
海淀区
朝阳区
朝阳区
朝阳区
朝阳区
朝阳区
朝阳区
朝阳区
朝阳区
朝阳区
朝阳区
昌平区
朝阳区
昌平区
昌平区
大兴区
大兴区
大兴区
朝阳区
通州区
通州区
丰台区
朝阳区
朝阳区
朝阳区
丰台区
丰台区
丰台区
丰台区
丰台区
海淀区
海淀区
海淀区
丰台区
丰台区
丰台区
丰台区
丰台区
丰台区
丰台区
丰台区
丰台区
丰台区
朝阳区
朝阳区
朝阳区
丰台区
丰台区
丰台区
丰台区
丰台区
丰台区
丰台区
丰台区
朝阳区
朝阳区
朝阳区
朝阳区
朝阳区
朝阳区
朝阳区
朝阳区
朝阳区
朝阳区
朝阳区
朝阳区
朝阳区
朝阳区
海淀区
海淀区
海淀区
海淀区
海淀区
海淀区
朝阳区
朝阳区
朝阳区
朝阳区
朝阳区
朝阳区
朝阳区
朝阳区
朝阳区
朝阳区
朝阳区
朝阳区
朝阳区
朝阳区
朝阳区
朝阳区
朝阳区
朝阳区
朝阳区
朝阳区
朝阳区
朝阳区
朝阳区
朝阳区
朝阳区
朝阳区
朝阳区
大兴区
大兴区
大兴区
大兴区
朝阳区
朝阳区
朝阳区
朝阳区
朝阳区
丰台区
丰台区
丰台区
丰台区
丰台区
丰台区
丰台区
丰台区
丰台区
朝阳区
朝阳区
朝阳区
朝阳区
朝阳区
朝阳区
朝阳区
朝阳区
朝阳区
朝阳区
朝阳区
朝阳区
朝阳区
朝阳区
朝阳区
朝阳区
朝阳区
房山区
房山区
房山区
房山区
房山区
房山区
房山区
房山区
房山区
丰台区
丰台区
丰台区
丰台区
通州区
通州区
朝阳区
朝阳区
朝阳区
朝阳区
朝阳区
朝阳区
朝阳区
朝阳区
朝阳区
丰台区
丰台区
丰台区
丰台区
丰台区
丰台区
朝阳区
朝阳区
朝阳区
朝阳区
朝阳区
朝阳区
朝阳区
朝阳区
朝阳区
朝阳区
朝阳区
朝阳区
朝阳区
朝阳区
房山区
房山区
房山区
房山区
朝阳区
朝阳区
朝阳区
朝阳区
朝阳区
朝阳区
朝阳区
朝阳区
朝阳区
朝阳区
朝阳区
朝阳区
朝阳区
丰台区
丰台区
丰台区
丰台区
丰台区
朝阳区
朝阳区
朝阳区
朝阳区
朝阳区
朝阳区
朝阳区
朝阳区
朝阳区
朝阳区
朝阳区
朝阳区
朝阳区
朝阳区
朝阳区
朝阳区
朝阳区
朝阳区
东城区
东城区
东城区
东城区
丰台区
丰台区
丰台区
丰台区
丰台区
丰台区
丰台区
丰台区
丰台区
通州区
朝阳区
朝阳区
朝阳区
朝阳区
朝阳区
朝阳区
丰台区
丰台区
丰台区
丰台区
丰台区
朝阳区
朝阳区
朝阳区
朝阳区
丰台区
丰台区
丰台区
丰台区
朝阳区
朝阳区
朝阳区
朝阳区
朝阳区
朝阳区
朝阳区
朝阳区
朝阳区
东城区
丰台区
丰台区
丰台区
丰台区
丰台区
大兴区
大兴区
大兴区
大兴区
大兴区
大兴区
大兴区
大兴区
大兴区
大兴区
海淀区
朝阳区
朝阳区
朝阳区
朝阳区
朝阳区
朝阳区
朝阳区
朝阳区
朝阳区
朝阳区
朝阳区
朝阳区
朝阳区
朝阳区
朝阳区
朝阳区
朝阳区
朝阳区
丰台区
丰台区
丰台区
丰台区
丰台区
丰台区
丰台区
通州区
通州区
通州区
通州区
通州区
朝阳区
东城区
西城区
朝阳区
朝阳区
朝阳区
朝阳区
朝阳区
朝阳区
朝阳区
朝阳区
朝阳区
朝阳区
朝阳区
大兴区
大兴区
朝阳区
朝阳区
东城区
东城区
东城区
朝阳区
朝阳区
朝阳区
朝阳区
海淀区
海淀区
朝阳区
朝阳区
朝阳区
朝阳区
朝阳区
朝阳区
朝阳区
朝阳区
朝阳区
丰台区
丰台区
丰台区
丰台区
丰台区
丰台区
丰台区
丰台区
丰台区
丰台区
朝阳区
丰台区
朝阳区
朝阳区
丰台区
朝阳区
丰台区
丰台区
丰台区
丰台区
丰台区
丰台区
丰台区
丰台区
丰台区
涞水县
朝阳区
朝阳区
朝阳区
朝阳区
海淀区
海淀区
海淀区
海淀区
朝阳区
朝阳区
朝阳区
朝阳区
朝阳区
朝阳区
朝阳区
海淀区
朝阳区
朝阳区
朝阳区
朝阳区
朝阳区
朝阳区
朝阳区
朝阳区
朝阳区
朝阳区
朝阳区
海淀区
海淀区
海淀区
海淀区
海淀区
朝阳区
丰台区
大兴区
大兴区
大兴区
朝阳区
朝阳区
朝阳区
朝阳区
朝阳区
朝阳区
朝阳区
朝阳区
朝阳区
朝阳区
丰台区
丰台区
丰台区
丰台区
丰台区
通州区
通州区
通州区
通州区
朝阳区
丰台区
朝阳区
朝阳区
朝阳区
朝阳区
朝阳区
朝阳区
朝阳区
朝阳区
朝阳区
朝阳区
朝阳区
大兴区
大兴区
大兴区
大兴区
朝阳区
朝阳区
朝阳区
朝阳区
朝阳区
朝阳区
朝阳区
朝阳区
朝阳区
朝阳区
朝阳区
朝阳区
朝阳区
朝阳区
朝阳区
朝阳区
朝阳区
朝阳区
朝阳区
朝阳区
朝阳区
西城区
西城区
西城区
朝阳区
朝阳区
朝阳区
朝阳区
丰台区
丰台区
丰台区
朝阳区
朝阳区
朝阳区
朝阳区
朝阳区
朝阳区
朝阳区
朝阳区
朝阳区
朝阳区
朝阳区
朝阳区
朝阳区
朝阳区
朝阳区
朝阳区
朝阳区
朝阳区
东城区
东城区
东城区
东城区
朝阳区
朝阳区
朝阳区
朝阳区
朝阳区
朝阳区
朝阳区
朝阳区
朝阳区
通州区
通州区
通州区
通州区
通州区
丰台区
丰台区
海淀区
海淀区
海淀区
东城区
东城区
东城区
东城区
东城区
朝阳区
朝阳区
朝阳区
朝阳区
石景山区
石景山区
石景山区
丰台区
丰台区
东城区
丰台区
丰台区
朝阳区
朝阳区
朝阳区
朝阳区
朝阳区
朝阳区
朝阳区
朝阳区
朝阳区
丰台区
丰台区
丰台区
朝阳区
朝阳区
丰台区
丰台区
丰台区
丰台区
丰台区
朝阳区
朝阳区
朝阳区
丰台区
丰台区
丰台区
丰台区
朝阳区
朝阳区
朝阳区
朝阳区
朝阳区
丰台区
丰台区
丰台区
丰台区
丰台区
丰台区
丰台区
丰台区
丰台区
丰台区
丰台区
丰台区
丰台区
丰台区
丰台区
丰台区
丰台区
丰台区
丰台区
丰台区
昌平区
昌平区
昌平区
东城区
东城区
东城区
朝阳区
东城区
朝阳区
东城区
朝阳区
朝阳区
朝阳区
朝阳区
朝阳区
丰台区
丰台区
丰台区
丰台区
丰台区
朝阳区
朝阳区
朝阳区
朝阳区
朝阳区
朝阳区
朝阳区
朝阳区
海淀区
海淀区
海淀区
海淀区
海淀区
海淀区
海淀区
海淀区
海淀区
大兴区
大兴区
大兴区
通州区
通州区
通州区
通州区
通州区
丰台区
丰台区
丰台区
丰台区
丰台区
通州区
通州区
通州区
通州区
通州区
朝阳区
朝阳区
朝阳区
丰台区
丰台区
丰台区
丰台区
丰台区
丰台区
大兴区
大兴区
大兴区
大兴区
朝阳区
通州区
通州区
通州区
朝阳区
朝阳区
朝阳区
朝阳区
朝阳区
门头沟区
石景山区
门头沟区
石景山区
门头沟区
房山区
房山区
房山区
房山区
房山区
海淀区
海淀区
通州区
通州区
通州区
通州区
通州区
通州区
通州区
朝阳区
朝阳区
朝阳区
朝阳区
朝阳区
丰台区
丰台区
丰台区
丰台区
朝阳区
朝阳区
朝阳区
朝阳区
朝阳区
朝阳区
朝阳区
朝阳区
朝阳区
朝阳区
朝阳区
朝阳区
朝阳区
朝阳区
朝阳区
朝阳区
朝阳区
朝阳区
朝阳区
朝阳区
朝阳区
东城区
东城区
朝阳区
朝阳区
丰台区
丰台区
朝阳区
朝阳区
朝阳区
东城区
东城区
东城区
东城区
东城区
丰台区
丰台区
朝阳区
朝阳区
朝阳区
东城区
东城区
东城区
东城区
东城区
丰台区
丰台区
丰台区
丰台区
丰台区
丰台区
朝阳区
丰台区
丰台区
朝阳区
朝阳区
朝阳区
朝阳区
丰台区
丰台区
丰台区
丰台区
丰台区
丰台区
丰台区
丰台区
丰台区
丰台区
海淀区
海淀区
海淀区
海淀区
海淀区
海淀区
海淀区
海淀区
海淀区
海淀区
海淀区
丰台区
丰台区
丰台区
丰台区
海淀区
海淀区
海淀区
海淀区
海淀区
通州区
通州区
通州区
通州区
门头沟区
门头沟区
门头沟区
门头沟区
门头沟区
门头沟区
门头沟区
朝阳区
朝阳区
朝阳区
朝阳区
朝阳区
朝阳区
朝阳区
朝阳区
朝阳区
东城区
朝阳区
朝阳区
朝阳区
朝阳区
朝阳区
朝阳区
朝阳区
朝阳区
朝阳区
朝阳区
朝阳区
朝阳区
朝阳区
昌平区
昌平区
昌平区
昌平区
房山区
房山区
房山区
房山区
房山区
朝阳区
东城区
朝阳区
东城区
丰台区
丰台区
丰台区
丰台区
朝阳区
朝阳区
朝阳区
朝阳区
朝阳区
朝阳区
朝阳区
朝阳区
朝阳区
朝阳区
朝阳区
通州区
通州区
朝阳区
朝阳区
朝阳区
朝阳区
朝阳区
朝阳区
朝阳区
朝阳区
朝阳区
东城区
东城区
东城区
东城区
东城区
朝阳区
朝阳区
朝阳区
朝阳区
朝阳区
朝阳区
朝阳区
朝阳区
东城区
东城区
东城区
东城区
东城区
丰台区
丰台区
丰台区
丰台区
丰台区
朝阳区
西城区
西城区
西城区
西城区
西城区
大兴区
丰台区
丰台区
丰台区
海淀区
海淀区
海淀区
朝阳区
朝阳区
朝阳区
朝阳区
朝阳区
东城区
朝阳区
朝阳区
丰台区
丰台区
丰台区
丰台区
海淀区
海淀区
海淀区
海淀区
朝阳区
朝阳区
朝阳区
朝阳区
朝阳区
丰台区
丰台区
丰台区
丰台区
丰台区
通州区
通州区
通州区
通州区
丰台区
丰台区
丰台区
丰台区
丰台区
海淀区
海淀区
海淀区
海淀区
海淀区
朝阳区
朝阳区
朝阳区
朝阳区
朝阳区
朝阳区
朝阳区
朝阳区
朝阳区
朝阳区
朝阳区
朝阳区
朝阳区
朝阳区
朝阳区
朝阳区
朝阳区
朝阳区
朝阳区
朝阳区
朝阳区
朝阳区
朝阳区
朝阳区
朝阳区
朝阳区
朝阳区
朝阳区
朝阳区
朝阳区
朝阳区
朝阳区
朝阳区
朝阳区
朝阳区
朝阳区
丰台区
丰台区
丰台区
丰台区
朝阳区
朝阳区
朝阳区
顺义区
顺义区
顺义区
顺义区
顺义区
顺义区
朝阳区
朝阳区
朝阳区
朝阳区
朝阳区
丰台区
丰台区
丰台区
丰台区
丰台区
大兴区
朝阳区
朝阳区
朝阳区
朝阳区
丰台区
东城区
东城区
东城区
丰台区
大兴区
大兴区
大兴区
海淀区
海淀区
海淀区
海淀区
海淀区
海淀区
海淀区
丰台区
丰台区
丰台区
丰台区
丰台区
海淀区
海淀区
海淀区
海淀区
海淀区
海淀区
海淀区
海淀区
丰台区
丰台区
丰台区
丰台区
大兴区
海淀区
海淀区
海淀区
海淀区
海淀区
丰台区
丰台区
丰台区
丰台区
丰台区
丰台区
丰台区
朝阳区
丰台区
丰台区
丰台区
丰台区
朝阳区
朝阳区
朝阳区
海淀区
海淀区
海淀区
海淀区
海淀区
石景山区
石景山区
石景山区
石景山区
朝阳区
昌平区
昌平区
昌平区
昌平区
朝阳区
丰台区
丰台区
丰台区
丰台区
丰台区
丰台区
丰台区
朝阳区
丰台区
丰台区
丰台区
丰台区
丰台区
房山区
房山区
房山区
房山区
房山区
丰台区
丰台区
丰台区
丰台区
丰台区
丰台区
丰台区
丰台区
朝阳区
朝阳区
朝阳区
朝阳区
朝阳区
东城区
海淀区
海淀区
海淀区
海淀区
东城区
东城区
东城区
东城区
东城区
海淀区
海淀区
朝阳区
朝阳区
朝阳区
朝阳区
朝阳区
朝阳区
丰台区
丰台区
海淀区
海淀区
海淀区
丰台区
丰台区
顺义区
顺义区
顺义区
朝阳区
朝阳区
朝阳区
朝阳区
大兴区
大兴区
丰台区
朝阳区
朝阳区
朝阳区
朝阳区
朝阳区
朝阳区
朝阳区
朝阳区
朝阳区
朝阳区
朝阳区
朝阳区
朝阳区
东城区
东城区
东城区
海淀区
东城区
东城区
东城区
海淀区
朝阳区
朝阳区
朝阳区
朝阳区
朝阳区
朝阳区
朝阳区
朝阳区
朝阳区
通州区
通州区
大兴区
大兴区
东城区
东城区
东城区
东城区
东城区
东城区
大兴区
大兴区
大兴区
大兴区
大兴区
丰台区
丰台区
丰台区
丰台区
朝阳区
朝阳区
朝阳区
朝阳区
朝阳区
朝阳区
朝阳区
朝阳区
朝阳区
朝阳区
朝阳区
朝阳区
朝阳区
大兴区
大兴区
大兴区
大兴区
丰台区
丰台区
丰台区
丰台区
朝阳区
朝阳区
朝阳区
大兴区
大兴区
大兴区
大兴区
大兴区
海淀区
海淀区
海淀区
海淀区
海淀区
海淀区
海淀区
海淀区
海淀区
海淀区
海淀区
海淀区
海淀区
海淀区
海淀区
海淀区
海淀区
海淀区
海淀区
海淀区
朝阳区
丰台区
丰台区
丰台区
丰台区
丰台区
丰台区
丰台区
丰台区
丰台区
丰台区
丰台区
丰台区
丰台区
丰台区
丰台区
丰台区
丰台区
丰台区
丰台区
丰台区
朝阳区
朝阳区
朝阳区
朝阳区
朝阳区
朝阳区
朝阳区
朝阳区
朝阳区
朝阳区
朝阳区
朝阳区
朝阳区
朝阳区
朝阳区
朝阳区
朝阳区
丰台区
丰台区
丰台区
丰台区
通州区
通州区
通州区
通州区
通州区
东城区
东城区
东城区
东城区
朝阳区
昌平区
昌平区
朝阳区
朝阳区
海淀区
东城区
朝阳区
朝阳区
朝阳区
朝阳区
朝阳区
朝阳区
朝阳区
朝阳区
海淀区
东城区
东城区
东城区
东城区
朝阳区
朝阳区
东城区
朝阳区
朝阳区
朝阳区
朝阳区
朝阳区
朝阳区
朝阳区
朝阳区
朝阳区
朝阳区
朝阳区
朝阳区
朝阳区
海淀区
海淀区
海淀区
海淀区
海淀区
朝阳区
朝阳区
朝阳区
朝阳区
丰台区
丰台区
丰台区
丰台区
丰台区
大兴区
大兴区
大兴区
大兴区
朝阳区
朝阳区
朝阳区
朝阳区
昌平区
昌平区
昌平区
朝阳区
朝阳区
朝阳区
朝阳区
朝阳区
大兴区
大兴区
大兴区
大兴区
大兴区
大兴区
海淀区
海淀区
海淀区
朝阳区
朝阳区
朝阳区
朝阳区
房山区
房山区
房山区
房山区
房山区
朝阳区
朝阳区
朝阳区
朝阳区
朝阳区
朝阳区
朝阳区
昌平区
昌平区
朝阳区
朝阳区
朝阳区
朝阳区
朝阳区
朝阳区
朝阳区
朝阳区
朝阳区
朝阳区
昌平区
昌平区
昌平区
朝阳区
朝阳区
朝阳区
朝阳区
丰台区
丰台区
丰台区
丰台区
丰台区
丰台区
丰台区
丰台区
丰台区
丰台区
丰台区
丰台区
丰台区
丰台区
丰台区
朝阳区
朝阳区
朝阳区
朝阳区
大兴区
通州区
通州区
通州区
通州区
通州区
通州区
通州区
通州区
通州区
通州区
通州区
通州区
通州区
通州区
通州区
通州区
通州区
通州区
通州区
通州区
通州区
通州区
通州区
通州区
通州区
通州区
通州区
通州区
通州区
通州区
通州区
大兴区
大兴区
大兴区
大兴区
大兴区
朝阳区
朝阳区
朝阳区
朝阳区
朝阳区
朝阳区
朝阳区
朝阳区
朝阳区
朝阳区
大兴区
大兴区
大兴区
丰台区
丰台区
丰台区
丰台区
丰台区
丰台区
丰台区
丰台区
昌平区
昌平区
昌平区
石景山区
石景山区
大兴区
大兴区
朝阳区
朝阳区
朝阳区
朝阳区
朝阳区
大兴区
丰台区
丰台区
丰台区
丰台区
丰台区
丰台区
朝阳区
朝阳区
朝阳区
朝阳区
朝阳区
朝阳区
朝阳区
朝阳区
朝阳区
朝阳区
朝阳区
朝阳区
通州区
朝阳区
朝阳区
海淀区
海淀区
丰台区
海淀区
朝阳区
朝阳区
朝阳区
朝阳区
朝阳区
朝阳区
朝阳区
朝阳区
朝阳区
朝阳区
朝阳区
朝阳区
朝阳区
大兴区
大兴区
大兴区
大兴区
丰台区
丰台区
丰台区
丰台区
丰台区
朝阳区
朝阳区
朝阳区
朝阳区
丰台区
丰台区
丰台区
丰台区
丰台区
海淀区
海淀区
海淀区
海淀区
海淀区
海淀区
海淀区
海淀区
海淀区
朝阳区
朝阳区
朝阳区
朝阳区
朝阳区
丰台区
丰台区
丰台区
丰台区
朝阳区
朝阳区
朝阳区
朝阳区
东城区
朝阳区
朝阳区
朝阳区
朝阳区
朝阳区
朝阳区
海淀区
海淀区
涞水县
涞水县
朝阳区
朝阳区
朝阳区
朝阳区
朝阳区
朝阳区
朝阳区
顺义区
海淀区
海淀区
海淀区
海淀区
海淀区
朝阳区
朝阳区
朝阳区
朝阳区
朝阳区
房山区
房山区
房山区
房山区
房山区
丰台区
丰台区
丰台区
丰台区
朝阳区
朝阳区
朝阳区
朝阳区
丰台区
丰台区
丰台区
丰台区
东城区
朝阳区
朝阳区
东城区
丰台区
丰台区
丰台区
丰台区
丰台区
丰台区
丰台区
海淀区
海淀区
海淀区
海淀区
丰台区
朝阳区
朝阳区
朝阳区
朝阳区
朝阳区
朝阳区
朝阳区
朝阳区
朝阳区
朝阳区
朝阳区
朝阳区
西城区
西城区
西城区
丰台区
朝阳区
朝阳区
朝阳区
房山区
房山区
房山区
房山区
房山区
东城区
东城区
东城区
东城区
丰台区
丰台区
丰台区
丰台区
丰台区
丰台区
丰台区
丰台区
昌平区
昌平区
大兴区
大兴区
大兴区
大兴区
丰台区
丰台区
丰台区
丰台区
东城区
西城区
西城区
西城区
西城区
朝阳区
朝阳区
朝阳区
朝阳区
东城区
东城区
东城区
东城区
朝阳区
朝阳区
朝阳区
朝阳区
朝阳区
朝阳区
朝阳区
朝阳区
朝阳区
朝阳区
丰台区
丰台区
丰台区
丰台区
丰台区
东城区
东城区
东城区
丰台区
丰台区
丰台区
丰台区
西城区
朝阳区
朝阳区
朝阳区
朝阳区
朝阳区
朝阳区
朝阳区
朝阳区
朝阳区
朝阳区
朝阳区
朝阳区
朝阳区
海淀区
海淀区
海淀区
海淀区
海淀区
海淀区
海淀区
海淀区
海淀区
朝阳区
朝阳区
朝阳区
朝阳区
朝阳区
丰台区
东城区
东城区
东城区
东城区
朝阳区
朝阳区
朝阳区
朝阳区
朝阳区
丰台区
海淀区
丰台区
丰台区
丰台区
海淀区
海淀区
海淀区
海淀区
海淀区
东城区
东城区
东城区
东城区
东城区
东城区
东城区
东城区
东城区
朝阳区
朝阳区
朝阳区
朝阳区
朝阳区
朝阳区
朝阳区
朝阳区
朝阳区
朝阳区
朝阳区
朝阳区
朝阳区
朝阳区
朝阳区
怀柔区
怀柔区
朝阳区
朝阳区
朝阳区
朝阳区
大兴区
朝阳区
朝阳区
朝阳区
朝阳区
朝阳区
朝阳区
朝阳区
朝阳区
朝阳区
朝阳区
朝阳区
朝阳区
朝阳区
朝阳区
朝阳区
丰台区
丰台区
丰台区
丰台区
朝阳区
朝阳区
朝阳区
朝阳区
通州区
通州区
通州区
通州区
通州区
朝阳区
朝阳区
朝阳区
通州区
通州区
通州区
通州区
大兴区
大兴区
西城区
西城区
西城区
西城区
西城区
海淀区
海淀区
海淀区
海淀区
海淀区
海淀区
丰台区
大兴区
大兴区
大兴区
大兴区
朝阳区
朝阳区
朝阳区
朝阳区
朝阳区
海淀区
海淀区
海淀区
海淀区
海淀区
丰台区
朝阳区
朝阳区
朝阳区
丰台区
朝阳区
朝阳区
朝阳区
海淀区
海淀区
海淀区
海淀区
丰台区
丰台区
丰台区
丰台区
丰台区
丰台区
丰台区
丰台区
丰台区
丰台区
丰台区
丰台区
通州区
通州区
通州区
通州区
通州区
朝阳区
朝阳区
朝阳区
房山区
房山区
房山区
房山区
房山区
朝阳区
朝阳区
朝阳区
朝阳区
朝阳区
朝阳区
朝阳区
朝阳区
朝阳区
朝阳区
朝阳区
朝阳区
朝阳区
朝阳区
朝阳区
朝阳区
朝阳区
朝阳区
朝阳区
朝阳区
房山区
房山区
房山区
房山区
房山区
东城区
丰台区
丰台区
丰台区
朝阳区
朝阳区
海淀区
海淀区
海淀区
海淀区
海淀区
海淀区
海淀区
海淀区
朝阳区
朝阳区
朝阳区
朝阳区
朝阳区
朝阳区
朝阳区
朝阳区
朝阳区
朝阳区
丰台区
丰台区
丰台区
大兴区
丰台区
丰台区
丰台区
丰台区
丰台区
丰台区
朝阳区
朝阳区
朝阳区
朝阳区
朝阳区
朝阳区
朝阳区
朝阳区
朝阳区
朝阳区
朝阳区
朝阳区
朝阳区
朝阳区
朝阳区
海淀区
海淀区
海淀区
丰台区
丰台区
丰台区
丰台区
丰台区
丰台区
丰台区
丰台区
丰台区
西城区
西城区
朝阳区
朝阳区
朝阳区
朝阳区
朝阳区
朝阳区
朝阳区
朝阳区
海淀区
海淀区
海淀区
海淀区
昌平区
昌平区
昌平区
海淀区
海淀区
海淀区
海淀区
丰台区
丰台区
丰台区
丰台区
丰台区
丰台区
丰台区
丰台区
海淀区
海淀区
东城区
东城区
东城区
东城区
东城区
大兴区
大兴区
大兴区
大兴区
大兴区
大兴区
大兴区
大兴区
大兴区
大兴区
朝阳区
朝阳区
朝阳区
朝阳区
朝阳区
丰台区
丰台区
丰台区
西城区
西城区
西城区
朝阳区
朝阳区
朝阳区
朝阳区
朝阳区
朝阳区
朝阳区
朝阳区
朝阳区
朝阳区
丰台区
丰台区
丰台区
大兴区
大兴区
丰台区
丰台区
丰台区
丰台区
丰台区
海淀区
海淀区
海淀区
海淀区
丰台区
丰台区
丰台区
丰台区
朝阳区
朝阳区
朝阳区
朝阳区
东城区
东城区
朝阳区
朝阳区
朝阳区
朝阳区
朝阳区
朝阳区
朝阳区
昌平区
昌平区
昌平区
昌平区
昌平区
昌平区
朝阳区
朝阳区
朝阳区
朝阳区
朝阳区
朝阳区
朝阳区
朝阳区
朝阳区
朝阳区
朝阳区
朝阳区
朝阳区
朝阳区
朝阳区
朝阳区
朝阳区
朝阳区
朝阳区
朝阳区
朝阳区
朝阳区
朝阳区
朝阳区
通州区
朝阳区
通州区
朝阳区
大兴区
大兴区
大兴区
大兴区
大兴区
大兴区
大兴区
海淀区
朝阳区
大兴区
大兴区
丰台区
大兴区
丰台区
丰台区
丰台区
丰台区
大兴区
丰台区
丰台区
丰台区
朝阳区
朝阳区
朝阳区
朝阳区
朝阳区
东城区
东城区
东城区
东城区
丰台区
丰台区
丰台区
丰台区
朝阳区
朝阳区
朝阳区
朝阳区
朝阳区
朝阳区
朝阳区
朝阳区
朝阳区
朝阳区
朝阳区
朝阳区
朝阳区
朝阳区
朝阳区
朝阳区
朝阳区
朝阳区
朝阳区
朝阳区
朝阳区
朝阳区
朝阳区
丰台区
丰台区
朝阳区
朝阳区
朝阳区
朝阳区
朝阳区
朝阳区
朝阳区
朝阳区
大兴区
大兴区
大兴区
大兴区
大兴区
通州区
丰台区
丰台区
丰台区
丰台区
丰台区
朝阳区
朝阳区
朝阳区
朝阳区
海淀区
海淀区
朝阳区
朝阳区
朝阳区
朝阳区
朝阳区
朝阳区
朝阳区
朝阳区
通州区
通州区
通州区
通州区
海淀区
海淀区
海淀区
海淀区
海淀区
朝阳区
朝阳区
朝阳区
丰台区
丰台区
丰台区
丰台区
朝阳区
朝阳区
朝阳区
朝阳区
朝阳区
海淀区
海淀区
海淀区
海淀区
西城区
西城区
西城区
西城区
西城区
门头沟区
门头沟区
石景山区
门头沟区
朝阳区
朝阳区
朝阳区
朝阳区
丰台区
丰台区
丰台区
丰台区
丰台区
丰台区
丰台区
丰台区
丰台区
丰台区
朝阳区
大兴区
大兴区
丰台区
丰台区
丰台区
丰台区
朝阳区
朝阳区
朝阳区
朝阳区
朝阳区
昌平区
昌平区
昌平区
昌平区
昌平区
朝阳区
朝阳区
朝阳区
朝阳区
朝阳区
朝阳区
朝阳区
朝阳区
朝阳区
朝阳区
丰台区
朝阳区
朝阳区
朝阳区
朝阳区
朝阳区
大兴区
大兴区
大兴区
大兴区
大兴区
朝阳区
朝阳区
朝阳区
朝阳区
大兴区
大兴区
大兴区
大兴区
大兴区
通州区
通州区
通州区
朝阳区
朝阳区
朝阳区
朝阳区
朝阳区
丰台区
丰台区
丰台区
丰台区
朝阳区
朝阳区
朝阳区
朝阳区
朝阳区
朝阳区
朝阳区
朝阳区
朝阳区
朝阳区
朝阳区
朝阳区
朝阳区
朝阳区
朝阳区
海淀区
海淀区
海淀区
海淀区
海淀区
海淀区
海淀区
海淀区
海淀区
海淀区
丰台区
丰台区
丰台区
丰台区
丰台区
朝阳区
朝阳区
朝阳区
朝阳区
朝阳区
朝阳区
朝阳区
朝阳区
朝阳区
朝阳区
朝阳区
朝阳区
朝阳区
朝阳区
朝阳区
朝阳区
朝阳区
朝阳区
朝阳区
朝阳区
朝阳区
朝阳区
朝阳区
朝阳区
朝阳区
朝阳区
朝阳区
朝阳区
朝阳区
丰台区
丰台区
丰台区
海淀区
海淀区
海淀区
海淀区
海淀区
朝阳区
朝阳区
朝阳区
通州区
通州区
通州区
大兴区
大兴区
大兴区
大兴区
门头沟区
门头沟区
门头沟区
东城区
朝阳区
朝阳区
朝阳区
朝阳区
朝阳区
东城区
朝阳区
朝阳区
朝阳区
东城区
朝阳区
朝阳区
朝阳区
朝阳区
朝阳区
朝阳区
朝阳区
朝阳区
丰台区
丰台区
丰台区
丰台区
丰台区
丰台区
丰台区
丰台区
丰台区
房山区
房山区
房山区
房山区
房山区
房山区
房山区
房山区
房山区
房山区
房山区
房山区
房山区
房山区
房山区
丰台区
丰台区
丰台区
丰台区
丰台区
丰台区
海淀区
海淀区
海淀区
海淀区
海淀区
房山区
房山区
房山区
房山区
房山区
海淀区
海淀区
海淀区
海淀区
海淀区
海淀区
海淀区
海淀区
海淀区
朝阳区
朝阳区
朝阳区
朝阳区
丰台区
丰台区
丰台区
丰台区
朝阳区
朝阳区
朝阳区
朝阳区
朝阳区
通州区
通州区
通州区
通州区
通州区
朝阳区
朝阳区
朝阳区
朝阳区
大兴区
大兴区
大兴区
朝阳区
大兴区
大兴区
大兴区
朝阳区
大兴区
大兴区
大兴区
朝阳区
大兴区
大兴区
大兴区
朝阳区
大兴区
大兴区
大兴区
朝阳区
大兴区
大兴区
大兴区
朝阳区
大兴区
大兴区
大兴区
朝阳区
大兴区
大兴区
大兴区
朝阳区
朝阳区
朝阳区
朝阳区
朝阳区
朝阳区
朝阳区
朝阳区
朝阳区
朝阳区
朝阳区
朝阳区
朝阳区
朝阳区
朝阳区
朝阳区
朝阳区
朝阳区
朝阳区
朝阳区
朝阳区
东城区
东城区
东城区
大兴区
大兴区
大兴区
大兴区
朝阳区
朝阳区
朝阳区
朝阳区
朝阳区
朝阳区
朝阳区
朝阳区
朝阳区
朝阳区
朝阳区
朝阳区
朝阳区
朝阳区
朝阳区
朝阳区
朝阳区
朝阳区
朝阳区
朝阳区
朝阳区
朝阳区
朝阳区
朝阳区
丰台区
丰台区
丰台区
丰台区
朝阳区
朝阳区
朝阳区
朝阳区
朝阳区
朝阳区
朝阳区
朝阳区
朝阳区
朝阳区
朝阳区
朝阳区
朝阳区
朝阳区
朝阳区
朝阳区
朝阳区
朝阳区
朝阳区
朝阳区
朝阳区
朝阳区
朝阳区
朝阳区
朝阳区
朝阳区
朝阳区
朝阳区
朝阳区
朝阳区
朝阳区
朝阳区
朝阳区
朝阳区
朝阳区
朝阳区
朝阳区
朝阳区
朝阳区
朝阳区
朝阳区
朝阳区
朝阳区
朝阳区
朝阳区
朝阳区
朝阳区
朝阳区
朝阳区
海淀区
海淀区
昌平区
东城区
东城区
东城区
东城区
东城区
丰台区
丰台区
丰台区
丰台区
丰台区
朝阳区
朝阳区
朝阳区
朝阳区
朝阳区
东城区
东城区
东城区
东城区
丰台区
朝阳区
朝阳区
朝阳区
朝阳区
朝阳区
朝阳区
朝阳区
朝阳区
朝阳区
海淀区
海淀区
丰台区
海淀区
海淀区
丰台区
丰台区
朝阳区
朝阳区
朝阳区
朝阳区
昌平区
昌平区
昌平区
昌平区
朝阳区
朝阳区
朝阳区
朝阳区
丰台区
丰台区
丰台区
丰台区
丰台区
海淀区
海淀区
海淀区
海淀区
海淀区
丰台区
丰台区
丰台区
丰台区
丰台区
朝阳区
朝阳区
朝阳区
朝阳区
朝阳区
朝阳区
朝阳区
朝阳区
朝阳区
朝阳区
朝阳区
朝阳区
东城区
东城区
东城区
东城区
朝阳区
朝阳区
朝阳区
朝阳区
朝阳区
朝阳区
朝阳区
朝阳区
丰台区
丰台区
丰台区
丰台区
丰台区
丰台区
丰台区
丰台区
丰台区
丰台区
东城区
丰台区
丰台区
丰台区
丰台区
丰台区
丰台区
丰台区
丰台区
丰台区
丰台区
昌平区
昌平区
昌平区
朝阳区
朝阳区
朝阳区
朝阳区
朝阳区
朝阳区
朝阳区
朝阳区
通州区
海淀区
海淀区
海淀区
海淀区
海淀区
朝阳区
朝阳区
朝阳区
朝阳区
朝阳区
朝阳区
朝阳区
朝阳区
东城区
东城区
东城区
东城区
东城区
丰台区
丰台区
丰台区
丰台区
朝阳区
朝阳区
朝阳区
朝阳区
朝阳区
朝阳区
朝阳区
朝阳区
朝阳区
朝阳区
昌平区
昌平区
昌平区
昌平区
昌平区
昌平区
东城区
东城区
东城区
东城区
丰台区
丰台区
丰台区
房山区
房山区
昌平区
昌平区
昌平区
昌平区
昌平区
朝阳区
朝阳区
朝阳区
朝阳区
朝阳区
朝阳区
朝阳区
朝阳区
朝阳区
朝阳区
东城区
东城区
东城区
东城区
东城区
丰台区
丰台区
丰台区
丰台区
朝阳区
东城区
东城区
东城区
东城区
海淀区
海淀区
海淀区
朝阳区
朝阳区
丰台区
丰台区
通州区
通州区
通州区
通州区
通州区
通州区
通州区
通州区
通州区
朝阳区
朝阳区
朝阳区
朝阳区
朝阳区
朝阳区
朝阳区
朝阳区
朝阳区
朝阳区
朝阳区
朝阳区
昌平区
昌平区
昌平区
昌平区
朝阳区
朝阳区
朝阳区
朝阳区
朝阳区
朝阳区
朝阳区
朝阳区
朝阳区
朝阳区
朝阳区
朝阳区
西城区
西城区
西城区
西城区
朝阳区
西城区
西城区
西城区
西城区
朝阳区
朝阳区
朝阳区
朝阳区
朝阳区
朝阳区
朝阳区
朝阳区
丰台区
丰台区
丰台区
丰台区
朝阳区
朝阳区
朝阳区
朝阳区
房山区
房山区
房山区
房山区
房山区
朝阳区
朝阳区
朝阳区
朝阳区
朝阳区
朝阳区
朝阳区
朝阳区
朝阳区
朝阳区
朝阳区
朝阳区
朝阳区
朝阳区
朝阳区
朝阳区
朝阳区
朝阳区
朝阳区
朝阳区
朝阳区
朝阳区
朝阳区
朝阳区
朝阳区
朝阳区
朝阳区
朝阳区
朝阳区
朝阳区
朝阳区
朝阳区
朝阳区
朝阳区
朝阳区
朝阳区
朝阳区
朝阳区
朝阳区
丰台区
丰台区
丰台区
丰台区
朝阳区
朝阳区
朝阳区
丰台区
丰台区
丰台区
朝阳区
朝阳区
朝阳区
朝阳区
朝阳区
丰台区
丰台区
丰台区
丰台区
丰台区
丰台区
丰台区
丰台区
朝阳区
朝阳区
朝阳区
朝阳区
丰台区
丰台区
丰台区
丰台区
丰台区
丰台区
丰台区
丰台区
丰台区
丰台区
丰台区
丰台区
丰台区
丰台区
丰台区
丰台区
丰台区
丰台区
丰台区
海淀区
海淀区
海淀区
海淀区
海淀区
海淀区
海淀区
海淀区
海淀区
海淀区
海淀区
海淀区
海淀区
海淀区
朝阳区
朝阳区
朝阳区
朝阳区
朝阳区
朝阳区
朝阳区
朝阳区
朝阳区
朝阳区
通州区
通州区
通州区
朝阳区
朝阳区
朝阳区
朝阳区
西城区
丰台区
西城区
丰台区
朝阳区
朝阳区
朝阳区
朝阳区
东城区
朝阳区
朝阳区
朝阳区
朝阳区
朝阳区
朝阳区
朝阳区
朝阳区
朝阳区
朝阳区
朝阳区
朝阳区
朝阳区
朝阳区
朝阳区
朝阳区
朝阳区
朝阳区
朝阳区
昌平区
昌平区
朝阳区
朝阳区
朝阳区
朝阳区
朝阳区
朝阳区
朝阳区
朝阳区
朝阳区
朝阳区
朝阳区
朝阳区
朝阳区
朝阳区
朝阳区
朝阳区
朝阳区
东城区
东城区
东城区
东城区
东城区
丰台区
丰台区
丰台区
丰台区
东城区
东城区
东城区
东城区
东城区
朝阳区
朝阳区
朝阳区
昌平区
昌平区
朝阳区
朝阳区
朝阳区
东城区
东城区
东城区
东城区
海淀区
海淀区
海淀区
海淀区
海淀区
朝阳区
朝阳区
朝阳区
朝阳区
朝阳区
朝阳区
朝阳区
朝阳区
朝阳区
朝阳区
昌平区
昌平区
昌平区
昌平区
海淀区
昌平区
昌平区
昌平区
昌平区
昌平区
朝阳区
朝阳区
朝阳区
朝阳区
朝阳区
朝阳区
朝阳区
朝阳区
朝阳区
通州区
通州区
通州区
通州区
朝阳区
朝阳区
朝阳区
朝阳区
朝阳区
朝阳区
朝阳区
朝阳区
朝阳区
朝阳区
朝阳区
朝阳区
朝阳区
朝阳区
朝阳区
朝阳区
朝阳区
朝阳区
丰台区
丰台区
丰台区
丰台区
丰台区
丰台区
丰台区
丰台区
丰台区
朝阳区
朝阳区
朝阳区
朝阳区
朝阳区
朝阳区
朝阳区
朝阳区
朝阳区
东城区
东城区
东城区
东城区
朝阳区
朝阳区
朝阳区
朝阳区
朝阳区
丰台区
丰台区
丰台区
丰台区
丰台区
丰台区
丰台区
丰台区
丰台区
丰台区
朝阳区
朝阳区
朝阳区
朝阳区
朝阳区
朝阳区
朝阳区
朝阳区
朝阳区
朝阳区
丰台区
丰台区
丰台区
丰台区
丰台区
丰台区
海淀区
丰台区
海淀区
朝阳区
朝阳区
朝阳区
东城区
东城区
东城区
朝阳区
朝阳区
朝阳区
朝阳区
朝阳区
朝阳区
朝阳区
朝阳区
朝阳区
朝阳区
朝阳区
朝阳区
朝阳区
朝阳区
朝阳区
朝阳区
朝阳区
朝阳区
朝阳区
朝阳区
朝阳区
大兴区
大兴区
大兴区
大兴区
大兴区
东城区
东城区
东城区
东城区
东城区
东城区
东城区
东城区
东城区
东城区
东城区
东城区
东城区
东城区
东城区
东城区
东城区
东城区
东城区
东城区
丰台区
丰台区
丰台区
丰台区
丰台区
丰台区
丰台区
丰台区
丰台区
朝阳区
朝阳区
朝阳区
朝阳区
朝阳区
朝阳区
朝阳区
朝阳区
朝阳区
朝阳区
海淀区
海淀区
海淀区
海淀区
海淀区
朝阳区
朝阳区
朝阳区
朝阳区
朝阳区
朝阳区
朝阳区
朝阳区
朝阳区
朝阳区
朝阳区
朝阳区
朝阳区
朝阳区
朝阳区
朝阳区
朝阳区
朝阳区
朝阳区
西城区
西城区
西城区
西城区
西城区
西城区
海淀区
西城区
西城区
西城区
丰台区
丰台区
丰台区
丰台区
丰台区
朝阳区
丰台区
丰台区
丰台区
西城区
西城区
西城区
西城区
朝阳区
朝阳区
朝阳区
朝阳区
朝阳区
朝阳区
朝阳区
朝阳区
朝阳区
朝阳区
朝阳区
朝阳区
朝阳区
朝阳区
朝阳区
通州区
朝阳区
朝阳区
朝阳区
朝阳区
海淀区
朝阳区
朝阳区
朝阳区
朝阳区
朝阳区
朝阳区
朝阳区
朝阳区
朝阳区
朝阳区
朝阳区
朝阳区
朝阳区
朝阳区
朝阳区
朝阳区
朝阳区
通州区
通州区
通州区
通州区
通州区
通州区
通州区
通州区
通州区
通州区
朝阳区
朝阳区
朝阳区
朝阳区
朝阳区
朝阳区
朝阳区
朝阳区
朝阳区
朝阳区
朝阳区
朝阳区
东城区
丰台区
丰台区
东城区
东城区
丰台区
丰台区
东城区
朝阳区
朝阳区
朝阳区
朝阳区
朝阳区
通州区
通州区
通州区
通州区
通州区
朝阳区
朝阳区
朝阳区
朝阳区
朝阳区
朝阳区
朝阳区
朝阳区
朝阳区
朝阳区
朝阳区
朝阳区
大兴区
大兴区
大兴区
大兴区
东城区
西城区
西城区
西城区
朝阳区
朝阳区
朝阳区
东城区
朝阳区
朝阳区
海淀区
海淀区
海淀区
海淀区
东城区
东城区
东城区
朝阳区
朝阳区
朝阳区
丰台区
丰台区
丰台区
丰台区
朝阳区
通州区
朝阳区
朝阳区
朝阳区
朝阳区
丰台区
丰台区
丰台区
丰台区
丰台区
丰台区
丰台区
丰台区
西城区
西城区
西城区
西城区
朝阳区
朝阳区
朝阳区
朝阳区
朝阳区
朝阳区
朝阳区
朝阳区
东城区
东城区
东城区
东城区
东城区
朝阳区
东城区
朝阳区
朝阳区
朝阳区
朝阳区
海淀区
海淀区
海淀区
海淀区
朝阳区
朝阳区
朝阳区
朝阳区
朝阳区
朝阳区
朝阳区
海淀区
海淀区
海淀区
海淀区
朝阳区
朝阳区
朝阳区
朝阳区
朝阳区
朝阳区
朝阳区
丰台区
丰台区
丰台区
丰台区
朝阳区
朝阳区
朝阳区
朝阳区
朝阳区
石景山区
石景山区
石景山区
石景山区
昌平区
昌平区
昌平区
昌平区
昌平区
朝阳区
朝阳区
朝阳区
朝阳区
朝阳区
朝阳区
朝阳区
朝阳区
朝阳区
朝阳区
朝阳区
朝阳区
朝阳区
朝阳区
朝阳区
朝阳区
朝阳区
海淀区
海淀区
海淀区
海淀区
海淀区
朝阳区
朝阳区
朝阳区
朝阳区
朝阳区
东城区
东城区
西城区
海淀区
海淀区
海淀区
海淀区
海淀区
海淀区
海淀区
海淀区
海淀区
丰台区
丰台区
丰台区
丰台区
丰台区
丰台区
朝阳区
朝阳区
朝阳区
朝阳区
朝阳区
大兴区
大兴区
朝阳区
朝阳区
朝阳区
朝阳区
朝阳区
朝阳区
朝阳区
朝阳区
东城区
东城区
东城区
东城区
通州区
通州区
通州区
通州区
通州区
通州区
通州区
通州区
通州区
朝阳区
大兴区
大兴区
朝阳区
丰台区
丰台区
丰台区
丰台区
丰台区
丰台区
丰台区
丰台区
朝阳区
朝阳区
朝阳区
朝阳区
海淀区
海淀区
海淀区
海淀区
朝阳区
朝阳区
朝阳区
朝阳区
朝阳区
朝阳区
东城区
东城区
东城区
东城区
丰台区
丰台区
丰台区
丰台区
丰台区
丰台区
丰台区
丰台区
丰台区
丰台区
丰台区
丰台区
丰台区
丰台区
丰台区
丰台区
丰台区
丰台区
丰台区
丰台区
丰台区
丰台区
丰台区
丰台区
丰台区
丰台区
海淀区
海淀区
海淀区
海淀区
海淀区
海淀区
海淀区
海淀区
海淀区
海淀区
通州区
通州区
通州区
通州区
通州区
朝阳区
海淀区
海淀区
丰台区
丰台区
丰台区
通州区
通州区
通州区
朝阳区
朝阳区
朝阳区
朝阳区
朝阳区
朝阳区
朝阳区
朝阳区
朝阳区
朝阳区
朝阳区
朝阳区
朝阳区
丰台区
朝阳区
朝阳区
朝阳区
朝阳区
朝阳区
朝阳区
朝阳区
朝阳区
朝阳区
朝阳区
朝阳区
朝阳区
朝阳区
朝阳区
大兴区
大兴区
大兴区
大兴区
大兴区
朝阳区
朝阳区
朝阳区
朝阳区
朝阳区
朝阳区
朝阳区
朝阳区
朝阳区
朝阳区
东城区
东城区
东城区
东城区
朝阳区
朝阳区
朝阳区
朝阳区
朝阳区
海淀区
海淀区
海淀区
海淀区
石景山区
石景山区
海淀区
海淀区
朝阳区
东城区
朝阳区
朝阳区
朝阳区
海淀区
海淀区
海淀区
朝阳区
丰台区
丰台区
丰台区
丰台区
丰台区
丰台区
丰台区
丰台区
丰台区
丰台区
丰台区
朝阳区
丰台区
丰台区
丰台区
朝阳区
朝阳区
大兴区
大兴区
大兴区
大兴区
海淀区
海淀区
海淀区
海淀区
朝阳区
朝阳区
朝阳区
朝阳区
朝阳区
朝阳区
朝阳区
朝阳区
朝阳区
朝阳区
朝阳区
朝阳区
朝阳区
朝阳区
朝阳区
朝阳区
朝阳区
朝阳区
大兴区
大兴区
朝阳区
朝阳区
朝阳区
朝阳区
西城区
海淀区
西城区
海淀区
东城区
朝阳区
东城区
东城区
丰台区
丰台区
丰台区
朝阳区
朝阳区
朝阳区
朝阳区
朝阳区
朝阳区
朝阳区
朝阳区
朝阳区
朝阳区
朝阳区
朝阳区
朝阳区
朝阳区
朝阳区
朝阳区
朝阳区
朝阳区
朝阳区
朝阳区
朝阳区
朝阳区
朝阳区
朝阳区
朝阳区
朝阳区
朝阳区
朝阳区
朝阳区
朝阳区
朝阳区
朝阳区
朝阳区
朝阳区
朝阳区
朝阳区
朝阳区
朝阳区
朝阳区
朝阳区
朝阳区
朝阳区
朝阳区
朝阳区
东城区
东城区
东城区
东城区
海淀区
海淀区
海淀区
朝阳区
朝阳区
朝阳区
朝阳区
朝阳区
朝阳区
朝阳区
朝阳区
朝阳区
朝阳区
海淀区
海淀区
海淀区
海淀区
丰台区
丰台区
丰台区
丰台区
丰台区
丰台区
丰台区
丰台区
丰台区
丰台区
海淀区
海淀区
海淀区
海淀区
海淀区
海淀区
海淀区
海淀区
海淀区
海淀区
海淀区
海淀区
海淀区
朝阳区
朝阳区
朝阳区
朝阳区
朝阳区
朝阳区
朝阳区
朝阳区
朝阳区
朝阳区
朝阳区
朝阳区
朝阳区
东城区
东城区
东城区
东城区
东城区
东城区
东城区
东城区
朝阳区
朝阳区
朝阳区
朝阳区
海淀区
海淀区
海淀区
通州区
通州区
通州区
通州区
通州区
通州区
通州区
通州区
通州区
朝阳区
通州区
通州区
通州区
通州区
通州区
通州区
通州区
通州区
通州区
通州区
通州区
通州区
通州区
通州区
东城区
东城区
东城区
东城区
朝阳区
朝阳区
朝阳区
朝阳区
朝阳区
东城区
东城区
东城区
东城区
东城区
朝阳区
朝阳区
朝阳区
朝阳区
海淀区
朝阳区
海淀区
朝阳区
海淀区
朝阳区
海淀区
朝阳区
通州区
通州区
东城区
东城区
东城区
东城区
东城区
海淀区
石景山区
石景山区
石景山区
石景山区
朝阳区
朝阳区
朝阳区
朝阳区
西城区
西城区
西城区
西城区
海淀区
海淀区
海淀区
海淀区
朝阳区
朝阳区
朝阳区
朝阳区
朝阳区
朝阳区
朝阳区
朝阳区
朝阳区
朝阳区
朝阳区
朝阳区
朝阳区
朝阳区
朝阳区
朝阳区
朝阳区
东城区
东城区
东城区
东城区
东城区
东城区
东城区
东城区
丰台区
丰台区
丰台区
丰台区
丰台区
丰台区
丰台区
丰台区
朝阳区
朝阳区
朝阳区
朝阳区
朝阳区
朝阳区
朝阳区
朝阳区
朝阳区
西城区
西城区
西城区
朝阳区
朝阳区
朝阳区
西城区
西城区
西城区
西城区
通州区
通州区
通州区
通州区
通州区
朝阳区
朝阳区
朝阳区
朝阳区
朝阳区
朝阳区
朝阳区
朝阳区
朝阳区
丰台区
丰台区
东城区
朝阳区
朝阳区
朝阳区
朝阳区
西城区
西城区
西城区
西城区
西城区
朝阳区
朝阳区
朝阳区
朝阳区
朝阳区
朝阳区
朝阳区
朝阳区
朝阳区
朝阳区
大兴区
大兴区
大兴区
大兴区
大兴区
大兴区
大兴区
丰台区
丰台区
丰台区
丰台区
朝阳区
朝阳区
朝阳区
朝阳区
丰台区
丰台区
丰台区
丰台区
丰台区
丰台区
丰台区
丰台区
丰台区
丰台区
丰台区
丰台区
丰台区
丰台区
丰台区
丰台区
丰台区
丰台区
丰台区
丰台区
丰台区
丰台区
丰台区
丰台区
丰台区
丰台区
丰台区
丰台区
丰台区
丰台区
丰台区
丰台区
丰台区
丰台区
海淀区
海淀区
海淀区
海淀区
海淀区
丰台区
丰台区
丰台区
丰台区
丰台区
朝阳区
朝阳区
朝阳区
朝阳区
朝阳区
朝阳区
朝阳区
朝阳区
朝阳区
朝阳区
朝阳区
朝阳区
朝阳区
朝阳区
朝阳区
朝阳区
大兴区
昌平区
大兴区
朝阳区
朝阳区
朝阳区
朝阳区
朝阳区
朝阳区
朝阳区
朝阳区
朝阳区
朝阳区
朝阳区
朝阳区
朝阳区
朝阳区
朝阳区
东城区
东城区
东城区
东城区
东城区
东城区
东城区
东城区
东城区
丰台区
丰台区
丰台区
丰台区
东城区
东城区
东城区
东城区
海淀区
海淀区
海淀区
海淀区
海淀区
海淀区
海淀区
海淀区
朝阳区
朝阳区
朝阳区
朝阳区
朝阳区
朝阳区
西城区
西城区
西城区
西城区
西城区
西城区
西城区
西城区
海淀区
海淀区
海淀区
海淀区
海淀区
丰台区
丰台区
丰台区
东城区
东城区
朝阳区
丰台区
丰台区
朝阳区
朝阳区
朝阳区
朝阳区
丰台区
丰台区
丰台区
丰台区
通州区
朝阳区
朝阳区
朝阳区
朝阳区
朝阳区
朝阳区
朝阳区
朝阳区
朝阳区
朝阳区
朝阳区
朝阳区
朝阳区
朝阳区
朝阳区
海淀区
海淀区
海淀区
丰台区
丰台区
丰台区
丰台区
丰台区
丰台区
丰台区
丰台区
丰台区
丰台区
丰台区
丰台区
丰台区
丰台区
丰台区
丰台区
丰台区
丰台区
丰台区
丰台区
丰台区
丰台区
东城区
东城区
东城区
东城区
东城区
朝阳区
朝阳区
朝阳区
朝阳区
朝阳区
东城区
东城区
东城区
东城区
东城区
朝阳区
朝阳区
朝阳区
朝阳区
朝阳区
西城区
西城区
西城区
西城区
丰台区
丰台区
朝阳区
朝阳区
朝阳区
朝阳区
朝阳区
海淀区
海淀区
海淀区
海淀区
朝阳区
朝阳区
朝阳区
朝阳区
朝阳区
朝阳区
西城区
西城区
丰台区
丰台区
丰台区
丰台区
丰台区
丰台区
朝阳区
朝阳区
朝阳区
朝阳区
朝阳区
朝阳区
朝阳区
朝阳区
朝阳区
朝阳区
朝阳区
朝阳区
朝阳区
朝阳区
朝阳区
丰台区
丰台区
丰台区
丰台区
朝阳区
朝阳区
朝阳区
朝阳区
大兴区
大兴区
大兴区
朝阳区
朝阳区
朝阳区
朝阳区
朝阳区
大兴区
大兴区
大兴区
朝阳区
海淀区
海淀区
海淀区
海淀区
朝阳区
朝阳区
朝阳区
西城区
西城区
西城区
西城区
西城区
朝阳区
朝阳区
朝阳区
朝阳区
朝阳区
朝阳区
朝阳区
朝阳区
朝阳区
朝阳区
朝阳区
朝阳区
朝阳区
朝阳区
朝阳区
朝阳区
朝阳区
朝阳区
丰台区
丰台区
东城区
东城区
东城区
东城区
东城区
西城区
朝阳区
朝阳区
朝阳区
朝阳区
东城区
丰台区
丰台区
丰台区
丰台区
丰台区
西城区
西城区
西城区
西城区
西城区
朝阳区
朝阳区
朝阳区
朝阳区
海淀区
海淀区
海淀区
海淀区
朝阳区
朝阳区
朝阳区
朝阳区
朝阳区
朝阳区
朝阳区
朝阳区
朝阳区
朝阳区
门头沟区
朝阳区
朝阳区
朝阳区
朝阳区
朝阳区
朝阳区
朝阳区
朝阳区
朝阳区
朝阳区
海淀区
海淀区
海淀区
海淀区
海淀区
大兴区
大兴区
大兴区
大兴区
大兴区
西城区
朝阳区
朝阳区
朝阳区
朝阳区
西城区
朝阳区
朝阳区
朝阳区
朝阳区
昌平区
昌平区
昌平区
昌平区
昌平区
朝阳区
朝阳区
东城区
朝阳区
东城区
朝阳区
海淀区
海淀区
海淀区
海淀区
海淀区
海淀区
海淀区
海淀区
朝阳区
朝阳区
朝阳区
朝阳区
朝阳区
朝阳区
朝阳区
朝阳区
朝阳区
朝阳区
朝阳区
朝阳区
朝阳区
朝阳区
西城区
西城区
西城区
朝阳区
朝阳区
朝阳区
朝阳区
朝阳区
海淀区
海淀区
海淀区
海淀区
东城区
东城区
东城区
朝阳区
东城区
东城区
朝阳区
东城区
东城区
东城区
东城区
东城区
朝阳区
东城区
朝阳区
朝阳区
朝阳区
朝阳区
朝阳区
朝阳区
朝阳区
朝阳区
朝阳区
朝阳区
朝阳区
朝阳区
海淀区
朝阳区
朝阳区
朝阳区
朝阳区
海淀区
海淀区
朝阳区
通州区
丰台区
丰台区
丰台区
丰台区
丰台区
朝阳区
朝阳区
朝阳区
朝阳区
丰台区
朝阳区
通州区
朝阳区
通州区
通州区
丰台区
朝阳区
通州区
海淀区
海淀区
海淀区
海淀区
海淀区
海淀区
海淀区
海淀区
朝阳区
朝阳区
朝阳区
朝阳区
朝阳区
东城区
东城区
东城区
东城区
东城区
海淀区
海淀区
海淀区
海淀区
丰台区
丰台区
丰台区
丰台区
丰台区
丰台区
丰台区
丰台区
丰台区
丰台区
朝阳区
朝阳区
朝阳区
朝阳区
朝阳区
海淀区
海淀区
海淀区
海淀区
海淀区
海淀区
海淀区
海淀区
海淀区
海淀区
海淀区
海淀区
海淀区
海淀区
朝阳区
朝阳区
朝阳区
朝阳区
朝阳区
朝阳区
朝阳区
朝阳区
海淀区
海淀区
海淀区
海淀区
海淀区
朝阳区
朝阳区
朝阳区
朝阳区
朝阳区
通州区
通州区
通州区
通州区
通州区
通州区
通州区
通州区
通州区
通州区
通州区
通州区
通州区
通州区
通州区
通州区
通州区
通州区
通州区
通州区
通州区
通州区
通州区
通州区
通州区
丰台区
丰台区
丰台区
丰台区
丰台区
丰台区
丰台区
丰台区
丰台区
丰台区
丰台区
丰台区
丰台区
丰台区
丰台区
丰台区
朝阳区
朝阳区
朝阳区
朝阳区
朝阳区
朝阳区
朝阳区
朝阳区
朝阳区
朝阳区
朝阳区
朝阳区
朝阳区
朝阳区
朝阳区
朝阳区
朝阳区
朝阳区
朝阳区
朝阳区
朝阳区
朝阳区
朝阳区
朝阳区
朝阳区
朝阳区
朝阳区
朝阳区
朝阳区
朝阳区
东城区
东城区
东城区
东城区
朝阳区
朝阳区
朝阳区
朝阳区
朝阳区
东城区
东城区
东城区
东城区
东城区
东城区
东城区
东城区
东城区
海淀区
朝阳区
朝阳区
朝阳区
朝阳区
朝阳区
朝阳区
朝阳区
朝阳区
朝阳区
朝阳区
朝阳区
朝阳区
朝阳区
朝阳区
朝阳区
朝阳区
朝阳区
朝阳区
朝阳区
朝阳区
朝阳区
朝阳区
朝阳区
朝阳区
朝阳区
朝阳区
东城区
东城区
东城区
东城区
东城区
东城区
东城区
东城区
东城区
东城区
海淀区
海淀区
海淀区
海淀区
海淀区
丰台区
丰台区
丰台区
丰台区
丰台区
海淀区
海淀区
丰台区
大兴区
丰台区
丰台区
丰台区
大兴区
丰台区
丰台区
朝阳区
朝阳区
朝阳区
东城区
东城区
东城区
东城区
东城区
朝阳区
朝阳区
朝阳区
朝阳区
朝阳区
顺义区
顺义区
朝阳区
丰台区
丰台区
丰台区
丰台区
海淀区
海淀区
海淀区
海淀区
海淀区
海淀区
海淀区
海淀区
通州区
通州区
通州区
通州区
通州区
通州区
通州区
通州区
通州区
通州区
朝阳区
朝阳区
朝阳区
海淀区
海淀区
海淀区
海淀区
海淀区
海淀区
海淀区
海淀区
东城区
东城区
东城区
东城区
朝阳区
朝阳区
朝阳区
朝阳区
西城区
西城区
西城区
西城区
西城区
西城区
西城区
西城区
朝阳区
朝阳区
朝阳区
朝阳区
朝阳区
朝阳区
朝阳区
朝阳区
朝阳区
朝阳区
朝阳区
东城区
东城区
东城区
朝阳区
朝阳区
朝阳区
朝阳区
朝阳区
朝阳区
朝阳区
朝阳区
朝阳区
朝阳区
朝阳区
朝阳区
丰台区
丰台区
丰台区
丰台区
丰台区
丰台区
丰台区
丰台区
丰台区
丰台区
丰台区
丰台区
东城区
东城区
东城区
东城区
东城区
东城区
东城区
东城区
朝阳区
朝阳区
朝阳区
朝阳区
东城区
东城区
朝阳区
朝阳区
朝阳区
朝阳区
朝阳区
朝阳区
朝阳区
朝阳区
东城区
东城区
东城区
东城区
西城区
东城区
东城区
东城区
海淀区
海淀区
海淀区
海淀区
海淀区
海淀区
海淀区
海淀区
海淀区
海淀区
朝阳区
朝阳区
朝阳区
海淀区
海淀区
海淀区
海淀区
朝阳区
朝阳区
朝阳区
朝阳区
朝阳区
朝阳区
朝阳区
朝阳区
朝阳区
朝阳区
朝阳区
朝阳区
朝阳区
朝阳区
朝阳区
朝阳区
朝阳区
朝阳区
朝阳区
朝阳区
朝阳区
朝阳区
朝阳区
东城区
东城区
朝阳区
朝阳区
朝阳区
朝阳区
朝阳区
朝阳区
朝阳区
朝阳区
朝阳区
朝阳区
朝阳区
朝阳区
朝阳区
朝阳区
朝阳区
朝阳区
朝阳区
朝阳区
朝阳区
朝阳区
朝阳区
朝阳区
朝阳区
东城区
朝阳区
东城区
东城区
东城区
朝阳区
东城区
朝阳区
朝阳区
东城区
朝阳区
东城区
朝阳区
朝阳区
朝阳区
朝阳区
朝阳区
朝阳区
朝阳区
朝阳区
朝阳区
朝阳区
朝阳区
朝阳区
朝阳区
朝阳区
朝阳区
朝阳区
朝阳区
朝阳区
朝阳区
朝阳区
朝阳区
朝阳区
朝阳区
朝阳区
朝阳区
朝阳区
朝阳区
丰台区
丰台区
丰台区
丰台区
丰台区
丰台区
朝阳区
朝阳区
朝阳区
朝阳区
朝阳区
朝阳区
朝阳区
朝阳区
朝阳区
朝阳区
朝阳区
朝阳区
通州区
通州区
通州区
通州区
通州区
通州区
通州区
通州区
通州区
丰台区
丰台区
丰台区
丰台区
丰台区
朝阳区
朝阳区
朝阳区
朝阳区
朝阳区
朝阳区
朝阳区
朝阳区
丰台区
丰台区
丰台区
丰台区
丰台区
朝阳区
朝阳区
朝阳区
通州区
通州区
通州区
通州区
通州区
丰台区
丰台区
丰台区
朝阳区
朝阳区
朝阳区
朝阳区
朝阳区
朝阳区
朝阳区
朝阳区
东城区
东城区
东城区
东城区
丰台区
丰台区
丰台区
丰台区
东城区
东城区
东城区
东城区
朝阳区
顺义区
顺义区
顺义区
朝阳区
朝阳区
朝阳区
东城区
东城区
东城区
东城区
东城区
东城区
东城区
东城区
东城区
东城区
朝阳区
朝阳区
朝阳区
朝阳区
朝阳区
丰台区
丰台区
丰台区
丰台区
朝阳区
朝阳区
朝阳区
朝阳区
朝阳区
朝阳区
朝阳区
朝阳区
朝阳区
东城区
东城区
东城区
东城区
西城区
西城区
西城区
东城区
朝阳区
朝阳区
朝阳区
朝阳区
朝阳区
朝阳区
朝阳区
朝阳区
朝阳区
朝阳区
朝阳区
大兴区
大兴区
大兴区
朝阳区
朝阳区
朝阳区
朝阳区
东城区
东城区
东城区
东城区
东城区
丰台区
丰台区
丰台区
丰台区
丰台区
丰台区
丰台区
丰台区
丰台区
丰台区
朝阳区
朝阳区
朝阳区
丰台区
丰台区
丰台区
昌平区
昌平区
朝阳区
朝阳区
朝阳区
朝阳区
朝阳区
朝阳区
昌平区
昌平区
昌平区
昌平区
大兴区
大兴区
大兴区
昌平区
昌平区
昌平区
朝阳区
朝阳区
朝阳区
朝阳区
海淀区
海淀区
海淀区
海淀区
海淀区
朝阳区
朝阳区
朝阳区
朝阳区
西城区
西城区
西城区
西城区
朝阳区
朝阳区
朝阳区
西城区
朝阳区
朝阳区
朝阳区
朝阳区
朝阳区
朝阳区
朝阳区
朝阳区
朝阳区
朝阳区
朝阳区
朝阳区
朝阳区
朝阳区
朝阳区
朝阳区
朝阳区
朝阳区
朝阳区
东城区
朝阳区
西城区
西城区
西城区
西城区
通州区
通州区
通州区
通州区
通州区
丰台区
丰台区
丰台区
通州区
通州区
丰台区
丰台区
丰台区
丰台区
丰台区
朝阳区
朝阳区
朝阳区
朝阳区
朝阳区
通州区
通州区
通州区
通州区
通州区
丰台区
丰台区
丰台区
丰台区
通州区
通州区
通州区
通州区
通州区
石景山区
石景山区
石景山区
石景山区
石景山区
丰台区
丰台区
丰台区
丰台区
丰台区
大兴区
大兴区
大兴区
大兴区
大兴区
西城区
西城区
海淀区
西城区
海淀区
西城区
西城区
海淀区
西城区
海淀区
西城区
西城区
西城区
西城区
西城区
西城区
西城区
海淀区
西城区
海淀区
西城区
西城区
西城区
西城区
西城区
朝阳区
朝阳区
朝阳区
朝阳区
朝阳区
朝阳区
朝阳区
朝阳区
朝阳区
大兴区
大兴区
大兴区
大兴区
大兴区
大兴区
大兴区
大兴区
大兴区
大兴区
大兴区
大兴区
大兴区
大兴区
朝阳区
朝阳区
朝阳区
朝阳区
朝阳区
大兴区
大兴区
大兴区
大兴区
大兴区
丰台区
丰台区
丰台区
丰台区
丰台区
海淀区
海淀区
海淀区
朝阳区
朝阳区
朝阳区
朝阳区
朝阳区
朝阳区
朝阳区
朝阳区
朝阳区
朝阳区
朝阳区
朝阳区
丰台区
丰台区
丰台区
丰台区
丰台区
朝阳区
朝阳区
朝阳区
朝阳区
海淀区
海淀区
海淀区
海淀区
海淀区
海淀区
海淀区
海淀区
海淀区
海淀区
海淀区
海淀区
海淀区
丰台区
丰台区
丰台区
丰台区
丰台区
丰台区
丰台区
丰台区
丰台区
丰台区
海淀区
海淀区
丰台区
丰台区
丰台区
丰台区
丰台区
丰台区
朝阳区
朝阳区
朝阳区
朝阳区
朝阳区
通州区
朝阳区
通州区
朝阳区
通州区
丰台区
丰台区
丰台区
丰台区
朝阳区
朝阳区
朝阳区
朝阳区
朝阳区
昌平区
昌平区
昌平区
昌平区
昌平区
海淀区
海淀区
海淀区
海淀区
海淀区
丰台区
丰台区
丰台区
丰台区
丰台区
丰台区
丰台区
丰台区
丰台区
丰台区
丰台区
丰台区
丰台区
丰台区
丰台区
丰台区
昌平区
昌平区
昌平区
昌平区
昌平区
海淀区
海淀区
海淀区
海淀区
朝阳区
朝阳区
朝阳区
朝阳区
西城区
西城区
大兴区
大兴区
大兴区
朝阳区
海淀区
朝阳区
朝阳区
朝阳区
朝阳区
朝阳区
朝阳区
朝阳区
朝阳区
朝阳区
朝阳区
朝阳区
朝阳区
朝阳区
丰台区
丰台区
丰台区
丰台区
丰台区
丰台区
朝阳区
东城区
朝阳区
海淀区
海淀区
丰台区
丰台区
朝阳区
朝阳区
朝阳区
大兴区
大兴区
大兴区
大兴区
大兴区
东城区
东城区
东城区
东城区
东城区
东城区
朝阳区
朝阳区
朝阳区
海淀区
海淀区
海淀区
通州区
通州区
通州区
通州区
通州区
朝阳区
朝阳区
大兴区
大兴区
大兴区
大兴区
朝阳区
朝阳区
朝阳区
朝阳区
朝阳区
朝阳区
朝阳区
朝阳区
朝阳区
朝阳区
朝阳区
朝阳区
朝阳区
朝阳区
朝阳区
朝阳区
朝阳区
朝阳区
通州区
通州区
通州区
朝阳区
朝阳区
朝阳区
朝阳区
房山区
房山区
房山区
房山区
房山区
朝阳区
朝阳区
朝阳区
海淀区
海淀区
海淀区
海淀区
朝阳区
朝阳区
朝阳区
朝阳区
朝阳区
朝阳区
朝阳区
朝阳区
朝阳区
朝阳区
朝阳区
朝阳区
朝阳区
朝阳区
朝阳区
朝阳区
丰台区
丰台区
丰台区
丰台区
丰台区
朝阳区
朝阳区
朝阳区
朝阳区
丰台区
丰台区
丰台区
丰台区
丰台区
朝阳区
朝阳区
朝阳区
朝阳区
朝阳区
朝阳区
朝阳区
朝阳区
丰台区
丰台区
丰台区
丰台区
丰台区
丰台区
丰台区
丰台区
丰台区
海淀区
海淀区
海淀区
海淀区
海淀区
朝阳区
朝阳区
朝阳区
东城区
东城区
东城区
东城区
东城区
朝阳区
朝阳区
朝阳区
朝阳区
朝阳区
丰台区
丰台区
丰台区
丰台区
丰台区
朝阳区
朝阳区
丰台区
丰台区
丰台区
丰台区
丰台区
丰台区
丰台区
东城区
丰台区
丰台区
丰台区
丰台区
丰台区
丰台区
丰台区
朝阳区
朝阳区
朝阳区
朝阳区
朝阳区
朝阳区
朝阳区
朝阳区
朝阳区
朝阳区
朝阳区
朝阳区
东城区
东城区
东城区
朝阳区
东城区
朝阳区
朝阳区
朝阳区
朝阳区
朝阳区
朝阳区
朝阳区
朝阳区
朝阳区
朝阳区
朝阳区
朝阳区
朝阳区
海淀区
朝阳区
朝阳区
朝阳区
朝阳区
朝阳区
朝阳区
朝阳区
朝阳区
朝阳区
朝阳区
朝阳区
朝阳区
朝阳区
朝阳区
朝阳区
朝阳区
朝阳区
朝阳区
朝阳区
朝阳区
朝阳区
朝阳区
朝阳区
朝阳区
朝阳区
朝阳区
朝阳区
朝阳区
朝阳区
朝阳区
朝阳区
朝阳区
朝阳区
丰台区
丰台区
丰台区
丰台区
丰台区
丰台区
丰台区
丰台区
丰台区
丰台区
房山区
房山区
房山区
房山区
房山区
朝阳区
朝阳区
朝阳区
朝阳区
朝阳区
朝阳区
朝阳区
朝阳区
朝阳区
朝阳区
朝阳区
朝阳区
朝阳区
朝阳区
朝阳区
丰台区
大兴区
丰台区
大兴区
大兴区
丰台区
大兴区
丰台区
大兴区
东城区
东城区
东城区
东城区
海淀区
东城区
东城区
东城区
东城区
海淀区
朝阳区
朝阳区
朝阳区
朝阳区
朝阳区
朝阳区
朝阳区
朝阳区
朝阳区
丰台区
丰台区
丰台区
朝阳区
朝阳区
朝阳区
朝阳区
朝阳区
朝阳区
朝阳区
朝阳区
大兴区
大兴区
大兴区
大兴区
大兴区
朝阳区
朝阳区
朝阳区
朝阳区
朝阳区
朝阳区
朝阳区
朝阳区
朝阳区
朝阳区
朝阳区
朝阳区
朝阳区
朝阳区
朝阳区
朝阳区
朝阳区
朝阳区
朝阳区
朝阳区
朝阳区
朝阳区
朝阳区
朝阳区
朝阳区
朝阳区
丰台区
丰台区
丰台区
丰台区
丰台区
丰台区
丰台区
丰台区
丰台区
丰台区
海淀区
海淀区
海淀区
朝阳区
朝阳区
朝阳区
朝阳区
朝阳区
朝阳区
朝阳区
朝阳区
西城区
西城区
西城区
西城区
西城区
朝阳区
朝阳区
朝阳区
朝阳区
朝阳区
朝阳区
朝阳区
朝阳区
朝阳区
朝阳区
朝阳区
朝阳区
朝阳区
朝阳区
朝阳区
丰台区
丰台区
丰台区
丰台区
丰台区
丰台区
丰台区
丰台区
丰台区
大兴区
大兴区
大兴区
大兴区
大兴区
海淀区
海淀区
海淀区
海淀区
海淀区
朝阳区
朝阳区
朝阳区
朝阳区
朝阳区
海淀区
海淀区
海淀区
海淀区
丰台区
朝阳区
朝阳区
朝阳区
朝阳区
朝阳区
朝阳区
朝阳区
通州区
朝阳区
通州区
东城区
东城区
朝阳区
朝阳区
朝阳区
朝阳区
通州区
朝阳区
通州区
朝阳区
朝阳区
朝阳区
朝阳区
朝阳区
朝阳区
朝阳区
朝阳区
朝阳区
朝阳区
东城区
东城区
通州区
通州区
通州区
丰台区
丰台区
丰台区
丰台区
丰台区
朝阳区
朝阳区
朝阳区
朝阳区
朝阳区
朝阳区
朝阳区
朝阳区
朝阳区
朝阳区
朝阳区
丰台区
丰台区
丰台区
丰台区
丰台区
丰台区
丰台区
丰台区
东城区
东城区
东城区
东城区
东城区
海淀区
海淀区
海淀区
海淀区
海淀区
通州区
通州区
通州区
通州区
朝阳区
朝阳区
朝阳区
朝阳区
朝阳区
丰台区
丰台区
丰台区
丰台区
朝阳区
朝阳区
朝阳区
朝阳区
朝阳区
丰台区
丰台区
丰台区
丰台区
丰台区
丰台区
丰台区
丰台区
丰台区
朝阳区
朝阳区
朝阳区
朝阳区
朝阳区
朝阳区
朝阳区
朝阳区
朝阳区
朝阳区
海淀区
朝阳区
朝阳区
朝阳区
朝阳区
朝阳区
朝阳区
朝阳区
朝阳区
朝阳区
朝阳区
海淀区
海淀区
海淀区
海淀区
海淀区
朝阳区
朝阳区
朝阳区
朝阳区
朝阳区
朝阳区
朝阳区
朝阳区
朝阳区
朝阳区
朝阳区
朝阳区
朝阳区
朝阳区
朝阳区
朝阳区
朝阳区
朝阳区
丰台区
丰台区
丰台区
丰台区
丰台区
大兴区
朝阳区
朝阳区
朝阳区
朝阳区
朝阳区
朝阳区
朝阳区
朝阳区
丰台区
丰台区
丰台区
石景山区
丰台区
石景山区
石景山区
石景山区
石景山区
石景山区
丰台区
丰台区
丰台区
丰台区
丰台区
朝阳区
朝阳区
朝阳区
朝阳区
海淀区
海淀区
海淀区
海淀区
海淀区
朝阳区
朝阳区
朝阳区
朝阳区
朝阳区
房山区
朝阳区
朝阳区
朝阳区
朝阳区
朝阳区
朝阳区
朝阳区
朝阳区
朝阳区
朝阳区
朝阳区
朝阳区
朝阳区
朝阳区
朝阳区
朝阳区
丰台区
丰台区
丰台区
丰台区
丰台区
丰台区
丰台区
丰台区
丰台区
通州区
朝阳区
通州区
通州区
通州区
大兴区
大兴区
大兴区
大兴区
东城区
东城区
东城区
东城区
东城区
丰台区
丰台区
丰台区
丰台区
丰台区
丰台区
丰台区
丰台区
丰台区
丰台区
丰台区
丰台区
丰台区
丰台区
大兴区
大兴区
大兴区
大兴区
朝阳区
朝阳区
朝阳区
朝阳区
东城区
丰台区
丰台区
丰台区
丰台区
东城区
东城区
丰台区
丰台区
丰台区
丰台区
丰台区
丰台区
大兴区
丰台区
大兴区
东城区
东城区
房山区
房山区
房山区
房山区
房山区
朝阳区
朝阳区
朝阳区
朝阳区
海淀区
朝阳区
朝阳区
朝阳区
朝阳区
朝阳区
海淀区
海淀区
海淀区
海淀区
朝阳区
朝阳区
朝阳区
朝阳区
朝阳区
丰台区
丰台区
朝阳区
朝阳区
朝阳区
朝阳区
朝阳区
朝阳区
朝阳区
朝阳区
东城区
海淀区
海淀区
海淀区
海淀区
海淀区
海淀区
丰台区
丰台区
丰台区
丰台区
丰台区
丰台区
丰台区
丰台区
丰台区
丰台区
丰台区
丰台区
朝阳区
朝阳区
朝阳区
朝阳区
朝阳区
朝阳区
朝阳区
朝阳区
朝阳区
朝阳区
朝阳区
朝阳区
朝阳区
朝阳区
朝阳区
朝阳区
朝阳区
朝阳区
丰台区
丰台区
丰台区
丰台区
朝阳区
通州区
通州区
通州区
通州区
朝阳区
东城区
东城区
东城区
朝阳区
朝阳区
朝阳区
朝阳区
西城区
海淀区
海淀区
海淀区
朝阳区
东城区
东城区
东城区
东城区
海淀区
海淀区
海淀区
房山区
房山区
丰台区
丰台区
丰台区
丰台区
朝阳区
朝阳区
朝阳区
朝阳区
朝阳区
东城区
东城区
东城区
东城区
东城区
丰台区
丰台区
丰台区
丰台区
丰台区
朝阳区
朝阳区
朝阳区
朝阳区
朝阳区
丰台区
丰台区
丰台区
丰台区
东城区
东城区
东城区
东城区
东城区
朝阳区
朝阳区
朝阳区
朝阳区
朝阳区
朝阳区
朝阳区
朝阳区
朝阳区
朝阳区
朝阳区
朝阳区
朝阳区
朝阳区
朝阳区
朝阳区
朝阳区
朝阳区
朝阳区
朝阳区
海淀区
海淀区
海淀区
海淀区
海淀区
朝阳区
朝阳区
朝阳区
朝阳区
朝阳区
海淀区
海淀区
海淀区
海淀区
海淀区
海淀区
海淀区
海淀区
海淀区
海淀区
通州区
通州区
通州区
通州区
通州区
通州区
通州区
通州区
通州区
通州区
通州区
海淀区
海淀区
海淀区
海淀区
西城区
西城区
西城区
西城区
西城区
丰台区
丰台区
丰台区
丰台区
丰台区
丰台区
丰台区
丰台区
朝阳区
朝阳区
朝阳区
朝阳区
朝阳区
大兴区
大兴区
大兴区
丰台区
丰台区
朝阳区
朝阳区
朝阳区
丰台区
丰台区
丰台区
丰台区
丰台区
朝阳区
朝阳区
朝阳区
朝阳区
朝阳区
朝阳区
朝阳区
朝阳区
大兴区
大兴区
大兴区
大兴区
大兴区
朝阳区
朝阳区
朝阳区
朝阳区
朝阳区
朝阳区
朝阳区
朝阳区
朝阳区
海淀区
海淀区
海淀区
海淀区
朝阳区
朝阳区
朝阳区
朝阳区
朝阳区
丰台区
丰台区
丰台区
丰台区
丰台区
丰台区
丰台区
丰台区
朝阳区
朝阳区
朝阳区
朝阳区
通州区
通州区
通州区
通州区
通州区
丰台区
丰台区
丰台区
丰台区
丰台区
朝阳区
朝阳区
朝阳区
朝阳区
海淀区
海淀区
海淀区
门头沟区
门头沟区
门头沟区
门头沟区
门头沟区
海淀区
海淀区
海淀区
海淀区
海淀区
朝阳区
朝阳区
朝阳区
朝阳区
朝阳区
朝阳区
朝阳区
朝阳区
朝阳区
朝阳区
朝阳区
朝阳区
朝阳区
朝阳区
朝阳区
朝阳区
朝阳区
朝阳区
朝阳区
朝阳区
海淀区
西城区
西城区
朝阳区
朝阳区
朝阳区
朝阳区
朝阳区
朝阳区
朝阳区
朝阳区
朝阳区
朝阳区
朝阳区
朝阳区
朝阳区
朝阳区
朝阳区
朝阳区
朝阳区
朝阳区
朝阳区
朝阳区
朝阳区
朝阳区
朝阳区
朝阳区
朝阳区
朝阳区
朝阳区
朝阳区
朝阳区
朝阳区
朝阳区
朝阳区
朝阳区
朝阳区
朝阳区
朝阳区
朝阳区
朝阳区
朝阳区
朝阳区
朝阳区
朝阳区
通州区
通州区
通州区
通州区
通州区
朝阳区
朝阳区
朝阳区
朝阳区
朝阳区
朝阳区
朝阳区
朝阳区
朝阳区
朝阳区
东城区
朝阳区
朝阳区
东城区
朝阳区
朝阳区
朝阳区
朝阳区
丰台区
丰台区
丰台区
丰台区
朝阳区
朝阳区
朝阳区
朝阳区
朝阳区
朝阳区
大兴区
大兴区
大兴区
大兴区
大兴区
丰台区
丰台区
丰台区
朝阳区
朝阳区
朝阳区
朝阳区
朝阳区
朝阳区
朝阳区
朝阳区
朝阳区
朝阳区
朝阳区
朝阳区
朝阳区
朝阳区
朝阳区
丰台区
丰台区
丰台区
丰台区
丰台区
丰台区
丰台区
丰台区
丰台区
丰台区
丰台区
丰台区
丰台区
通州区
丰台区
朝阳区
朝阳区
朝阳区
朝阳区
朝阳区
通州区
通州区
通州区
通州区
通州区
朝阳区
朝阳区
朝阳区
朝阳区
朝阳区
丰台区
丰台区
朝阳区
朝阳区
朝阳区
朝阳区
朝阳区
昌平区
昌平区
昌平区
海淀区
海淀区
海淀区
海淀区
朝阳区
朝阳区
朝阳区
朝阳区
丰台区
丰台区
丰台区
丰台区
西城区
西城区
朝阳区
朝阳区
朝阳区
丰台区
丰台区
丰台区
丰台区
海淀区
海淀区
海淀区
海淀区
朝阳区
朝阳区
朝阳区
朝阳区
朝阳区
朝阳区
朝阳区
朝阳区
朝阳区
朝阳区
海淀区
海淀区
海淀区
丰台区
丰台区
丰台区
丰台区
房山区
房山区
房山区
房山区
房山区
房山区
房山区
房山区
房山区
房山区
丰台区
丰台区
丰台区
丰台区
丰台区
丰台区
丰台区
丰台区
丰台区
丰台区
丰台区
丰台区
朝阳区
朝阳区
东城区
东城区
东城区
朝阳区
朝阳区
朝阳区
朝阳区
朝阳区
朝阳区
朝阳区
朝阳区
朝阳区
朝阳区
东城区
东城区
东城区
丰台区
丰台区
丰台区
丰台区
朝阳区
朝阳区
朝阳区
朝阳区
朝阳区
朝阳区
朝阳区
朝阳区
朝阳区
朝阳区
朝阳区
丰台区
丰台区
丰台区
通州区
通州区
通州区
通州区
朝阳区
朝阳区
朝阳区
朝阳区
朝阳区
丰台区
丰台区
丰台区
丰台区
朝阳区
朝阳区
朝阳区
朝阳区
朝阳区
丰台区
丰台区
丰台区
丰台区
丰台区
丰台区
丰台区
丰台区
大兴区
大兴区
大兴区
大兴区
朝阳区
朝阳区
朝阳区
朝阳区
朝阳区
丰台区
丰台区
丰台区
丰台区
海淀区
海淀区
海淀区
海淀区
海淀区
海淀区
海淀区
海淀区
石景山区
朝阳区
朝阳区
通州区
通州区
通州区
朝阳区
朝阳区
通州区
通州区
通州区
朝阳区
朝阳区
朝阳区
朝阳区
大兴区
大兴区
大兴区
大兴区
房山区
房山区
朝阳区
朝阳区
朝阳区
朝阳区
丰台区
丰台区
丰台区
丰台区
朝阳区
朝阳区
朝阳区
朝阳区
朝阳区
朝阳区
海淀区
海淀区
海淀区
海淀区
海淀区
大兴区
通州区
通州区
通州区
通州区
朝阳区
朝阳区
朝阳区
朝阳区
朝阳区
朝阳区
朝阳区
朝阳区
朝阳区
朝阳区
海淀区
海淀区
海淀区
海淀区
海淀区
朝阳区
朝阳区
朝阳区
朝阳区
朝阳区
朝阳区
朝阳区
朝阳区
朝阳区
朝阳区
朝阳区
朝阳区
朝阳区
朝阳区
海淀区
海淀区
朝阳区
朝阳区
朝阳区
朝阳区
朝阳区
通州区
通州区
通州区
通州区
朝阳区
朝阳区
朝阳区
朝阳区
朝阳区
朝阳区
朝阳区
丰台区
丰台区
丰台区
丰台区
丰台区
丰台区
丰台区
丰台区
丰台区
大兴区
大兴区
房山区
房山区
房山区
房山区
朝阳区
朝阳区
朝阳区
朝阳区
朝阳区
朝阳区
朝阳区
朝阳区
东城区
东城区
东城区
东城区
东城区
朝阳区
朝阳区
朝阳区
朝阳区
朝阳区
朝阳区
房山区
房山区
房山区
房山区
房山区
朝阳区
朝阳区
朝阳区
朝阳区
朝阳区
朝阳区
朝阳区
朝阳区
朝阳区
朝阳区
朝阳区
朝阳区
朝阳区
朝阳区
朝阳区
朝阳区
朝阳区
朝阳区
海淀区
海淀区
海淀区
海淀区
海淀区
朝阳区
朝阳区
朝阳区
朝阳区
朝阳区
朝阳区
朝阳区
朝阳区
朝阳区
朝阳区
大兴区
大兴区
大兴区
通州区
通州区
朝阳区
朝阳区
朝阳区
房山区
房山区
房山区
朝阳区
朝阳区
朝阳区
朝阳区
朝阳区
通州区
通州区
通州区
通州区
通州区
朝阳区
朝阳区
朝阳区
朝阳区
朝阳区
朝阳区
朝阳区
朝阳区
朝阳区
朝阳区
石景山区
石景山区
石景山区
昌平区
昌平区
丰台区
丰台区
丰台区
朝阳区
朝阳区
朝阳区
朝阳区
朝阳区
朝阳区
朝阳区
朝阳区
海淀区
海淀区
海淀区
海淀区
海淀区
朝阳区
朝阳区
朝阳区
朝阳区
朝阳区
大兴区
大兴区
大兴区
大兴区
西城区
西城区
西城区
海淀区
海淀区
东城区
东城区
东城区
东城区
东城区
朝阳区
朝阳区
朝阳区
朝阳区
房山区
房山区
房山区
丰台区
丰台区
丰台区
丰台区
丰台区
朝阳区
朝阳区
朝阳区
朝阳区
朝阳区
朝阳区
朝阳区
朝阳区
朝阳区
丰台区
丰台区
丰台区
丰台区
丰台区
丰台区
丰台区
丰台区
丰台区
丰台区
朝阳区
朝阳区
朝阳区
朝阳区
朝阳区
朝阳区
朝阳区
朝阳区
朝阳区
朝阳区
朝阳区
朝阳区
朝阳区
朝阳区
朝阳区
朝阳区
朝阳区
朝阳区
朝阳区
朝阳区
朝阳区
朝阳区
丰台区
丰台区
丰台区
朝阳区
东城区
东城区
东城区
东城区
东城区
朝阳区
海淀区
朝阳区
海淀区
西城区
西城区
大兴区
大兴区
大兴区
西城区
西城区
大兴区
大兴区
大兴区
东城区
东城区
东城区
东城区
丰台区
丰台区
丰台区
丰台区
丰台区
丰台区
丰台区
丰台区
东城区
东城区
丰台区
丰台区
丰台区
丰台区
丰台区
朝阳区
朝阳区
朝阳区
朝阳区
朝阳区
朝阳区
朝阳区
朝阳区
朝阳区
朝阳区
朝阳区
朝阳区
朝阳区
朝阳区
朝阳区
朝阳区
朝阳区
丰台区
丰台区
大兴区
丰台区
丰台区
大兴区
大兴区
大兴区
大兴区
大兴区
大兴区
大兴区
丰台区
丰台区
丰台区
朝阳区
朝阳区
朝阳区
朝阳区
丰台区
丰台区
丰台区
朝阳区
朝阳区
朝阳区
丰台区
丰台区
丰台区
丰台区
海淀区
海淀区
海淀区
朝阳区
朝阳区
朝阳区
朝阳区
东城区
朝阳区
东城区
朝阳区
东城区
东城区
东城区
朝阳区
朝阳区
丰台区
丰台区
丰台区
丰台区
丰台区
昌平区
昌平区
昌平区
昌平区
昌平区
丰台区
丰台区
丰台区
丰台区
丰台区
丰台区
丰台区
丰台区
丰台区
丰台区
海淀区
海淀区
朝阳区
朝阳区
朝阳区
大兴区
大兴区
大兴区
东城区
东城区
东城区
东城区
东城区
朝阳区
朝阳区
朝阳区
朝阳区
朝阳区
丰台区
丰台区
丰台区
丰台区
丰台区
大兴区
大兴区
大兴区
朝阳区
朝阳区
朝阳区
朝阳区
东城区
朝阳区
朝阳区
东城区
东城区
丰台区
丰台区
丰台区
丰台区
丰台区
丰台区
丰台区
丰台区
丰台区
朝阳区
朝阳区
朝阳区
朝阳区
丰台区
丰台区
丰台区
丰台区
朝阳区
朝阳区
通州区
通州区
通州区
丰台区
东城区
东城区
东城区
东城区
东城区
丰台区
丰台区
丰台区
丰台区
丰台区
朝阳区
朝阳区
朝阳区
朝阳区
朝阳区
朝阳区
朝阳区
朝阳区
朝阳区
海淀区
海淀区
海淀区
海淀区
通州区
通州区
通州区
通州区
通州区
通州区
通州区
通州区
海淀区
海淀区
海淀区
朝阳区
朝阳区
朝阳区
朝阳区
朝阳区
朝阳区
朝阳区
朝阳区
朝阳区
朝阳区
朝阳区
朝阳区
朝阳区
朝阳区
海淀区
海淀区
海淀区
丰台区
丰台区
海淀区
海淀区
海淀区
丰台区
丰台区
东城区
东城区
东城区
东城区
东城区
海淀区
海淀区
海淀区
海淀区
海淀区
通州区
通州区
通州区
通州区
通州区
丰台区
朝阳区
朝阳区
朝阳区
丰台区
朝阳区
朝阳区
朝阳区
东城区
朝阳区
朝阳区
朝阳区
东城区
东城区
西城区
丰台区
丰台区
丰台区
丰台区
丰台区
海淀区
海淀区
海淀区
海淀区
海淀区
丰台区
海淀区
海淀区
丰台区
海淀区
丰台区
海淀区
海淀区
丰台区
海淀区
海淀区
海淀区
海淀区
海淀区
石景山区
石景山区
石景山区
东城区
东城区
东城区
通州区
通州区
通州区
通州区
西城区
海淀区
海淀区
海淀区
海淀区
海淀区
海淀区
海淀区
海淀区
朝阳区
朝阳区
朝阳区
朝阳区
朝阳区
昌平区
昌平区
昌平区
昌平区
昌平区
丰台区
丰台区
丰台区
朝阳区
朝阳区
朝阳区
朝阳区
丰台区
丰台区
丰台区
丰台区
丰台区
西城区
西城区
西城区
西城区
朝阳区
朝阳区
朝阳区
朝阳区
东城区
东城区
朝阳区
朝阳区
朝阳区
朝阳区
朝阳区
朝阳区
朝阳区
朝阳区
朝阳区
大兴区
大兴区
大兴区
大兴区
大兴区
昌平区
昌平区
昌平区
昌平区
东城区
东城区
东城区
东城区
东城区
丰台区
丰台区
丰台区
丰台区
朝阳区
朝阳区
朝阳区
朝阳区
朝阳区
朝阳区
朝阳区
朝阳区
东城区
东城区
东城区
东城区
东城区
东城区
东城区
东城区
东城区
东城区
朝阳区
朝阳区
朝阳区
朝阳区
朝阳区
朝阳区
朝阳区
朝阳区
朝阳区
朝阳区
朝阳区
朝阳区
朝阳区
朝阳区
朝阳区
朝阳区
朝阳区
朝阳区
朝阳区
朝阳区
朝阳区
朝阳区
朝阳区
朝阳区
海淀区
海淀区
海淀区
海淀区
海淀区
丰台区
丰台区
丰台区
丰台区
丰台区
丰台区
丰台区
丰台区
丰台区
丰台区
朝阳区
朝阳区
朝阳区
朝阳区
朝阳区
朝阳区
朝阳区
朝阳区
朝阳区
朝阳区
朝阳区
朝阳区
朝阳区
朝阳区
朝阳区
朝阳区
朝阳区
海淀区
海淀区
海淀区
海淀区
海淀区
海淀区
海淀区
海淀区
海淀区
海淀区
朝阳区
朝阳区
朝阳区
朝阳区
朝阳区
大兴区
大兴区
大兴区
昌平区
昌平区
昌平区
丰台区
丰台区
丰台区
丰台区
丰台区
朝阳区
朝阳区
朝阳区
朝阳区
朝阳区
丰台区
丰台区
丰台区
丰台区
海淀区
海淀区
海淀区
海淀区
丰台区
东城区
东城区
东城区
丰台区
朝阳区
朝阳区
朝阳区
朝阳区
朝阳区
朝阳区
朝阳区
朝阳区
朝阳区
朝阳区
朝阳区
朝阳区
朝阳区
朝阳区
朝阳区
朝阳区
朝阳区
朝阳区
朝阳区
朝阳区
朝阳区
朝阳区
东城区
朝阳区
东城区
东城区
朝阳区
朝阳区
朝阳区
朝阳区
朝阳区
朝阳区
朝阳区
朝阳区
丰台区
丰台区
丰台区
丰台区
朝阳区
朝阳区
朝阳区
朝阳区
朝阳区
朝阳区
朝阳区
朝阳区
朝阳区
朝阳区
朝阳区
朝阳区
朝阳区
通州区
通州区
通州区
通州区
大兴区
大兴区
大兴区
朝阳区
海淀区
海淀区
海淀区
海淀区
海淀区
海淀区
海淀区
海淀区
朝阳区
朝阳区
朝阳区
朝阳区
朝阳区
朝阳区
海淀区
海淀区
海淀区
海淀区
海淀区
海淀区
海淀区
海淀区
海淀区
朝阳区
朝阳区
朝阳区
朝阳区
朝阳区
海淀区
海淀区
海淀区
海淀区
海淀区
大兴区
大兴区
丰台区
大兴区
大兴区
朝阳区
朝阳区
朝阳区
朝阳区
朝阳区
朝阳区
朝阳区
朝阳区
朝阳区
朝阳区
朝阳区
朝阳区
朝阳区
丰台区
丰台区
丰台区
丰台区
丰台区
丰台区
丰台区
丰台区
丰台区
丰台区
丰台区
丰台区
丰台区
丰台区
丰台区
丰台区
丰台区
丰台区
丰台区
丰台区
丰台区
大兴区
丰台区
丰台区
丰台区
丰台区
丰台区
丰台区
丰台区
丰台区
丰台区
丰台区
昌平区
昌平区
昌平区
昌平区
昌平区
朝阳区
朝阳区
朝阳区
朝阳区
东城区
东城区
东城区
东城区
丰台区
丰台区
丰台区
丰台区
丰台区
丰台区
丰台区
丰台区
丰台区
丰台区
朝阳区
朝阳区
朝阳区
朝阳区
朝阳区
丰台区
朝阳区
朝阳区
朝阳区
丰台区
朝阳区
朝阳区
朝阳区
朝阳区
海淀区
海淀区
海淀区
海淀区
海淀区
海淀区
海淀区
海淀区
朝阳区
朝阳区
朝阳区
朝阳区
朝阳区
通州区
通州区
通州区
通州区
朝阳区
朝阳区
朝阳区
朝阳区
朝阳区
海淀区
海淀区
海淀区
朝阳区
朝阳区
朝阳区
朝阳区
朝阳区
朝阳区
朝阳区
朝阳区
朝阳区
朝阳区
朝阳区
朝阳区
朝阳区
朝阳区
朝阳区
朝阳区
海淀区
海淀区
朝阳区
朝阳区
朝阳区
朝阳区
朝阳区
大兴区
大兴区
大兴区
丰台区
丰台区
丰台区
丰台区
大兴区
大兴区
大兴区
大兴区
东城区
东城区
东城区
西城区
西城区
大兴区
大兴区
大兴区
大兴区
朝阳区
朝阳区
朝阳区
朝阳区
海淀区
海淀区
海淀区
海淀区
朝阳区
朝阳区
朝阳区
朝阳区
朝阳区
朝阳区
朝阳区
朝阳区
朝阳区
朝阳区
海淀区
海淀区
海淀区
海淀区
朝阳区
西城区
西城区
西城区
西城区
西城区
朝阳区
朝阳区
朝阳区
朝阳区
海淀区
海淀区
海淀区
海淀区
海淀区
海淀区
海淀区
海淀区
朝阳区
朝阳区
朝阳区
朝阳区
西城区
西城区
朝阳区
朝阳区
朝阳区
朝阳区
朝阳区
丰台区
丰台区
丰台区
丰台区
丰台区
丰台区
丰台区
丰台区
丰台区
丰台区
丰台区
丰台区
丰台区
丰台区
丰台区
丰台区
丰台区
丰台区
丰台区
丰台区
丰台区
海淀区
海淀区
海淀区
朝阳区
朝阳区
朝阳区
朝阳区
朝阳区
朝阳区
朝阳区
朝阳区
朝阳区
朝阳区
朝阳区
朝阳区
朝阳区
昌平区
丰台区
丰台区
丰台区
大兴区
丰台区
海淀区
海淀区
海淀区
海淀区
海淀区
丰台区
丰台区
丰台区
大兴区
丰台区
海淀区
海淀区
海淀区
海淀区
海淀区
丰台区
丰台区
丰台区
丰台区
朝阳区
朝阳区
朝阳区
朝阳区
朝阳区
朝阳区
朝阳区
朝阳区
朝阳区
朝阳区
朝阳区
丰台区
丰台区
丰台区
丰台区
房山区
房山区
房山区
房山区
房山区
朝阳区
朝阳区
朝阳区
朝阳区
朝阳区
朝阳区
朝阳区
朝阳区
朝阳区
朝阳区
朝阳区
朝阳区
朝阳区
朝阳区
海淀区
昌平区
朝阳区
朝阳区
丰台区
丰台区
丰台区
海淀区
海淀区
海淀区
海淀区
海淀区
海淀区
海淀区
海淀区
海淀区
海淀区
朝阳区
朝阳区
朝阳区
朝阳区
通州区
朝阳区
朝阳区
朝阳区
朝阳区
朝阳区
朝阳区
朝阳区
房山区
房山区
房山区
房山区
房山区
房山区
房山区
房山区
房山区
房山区
房山区
房山区
房山区
朝阳区
朝阳区
朝阳区
朝阳区
朝阳区
朝阳区
朝阳区
朝阳区
东城区
东城区
东城区
东城区
固安县
固安县
固安县
海淀区
海淀区
海淀区
海淀区
海淀区
海淀区
海淀区
海淀区
朝阳区
朝阳区
朝阳区
朝阳区
朝阳区
朝阳区
东城区
东城区
朝阳区
朝阳区
朝阳区
朝阳区
朝阳区
朝阳区
朝阳区
朝阳区
朝阳区
朝阳区
朝阳区
朝阳区
朝阳区
朝阳区
朝阳区
朝阳区
朝阳区
朝阳区
朝阳区
朝阳区
朝阳区
东城区
东城区
东城区
东城区
东城区
东城区
朝阳区
朝阳区
朝阳区
朝阳区
朝阳区
朝阳区
朝阳区
朝阳区
朝阳区
朝阳区
东城区
东城区
东城区
丰台区
丰台区
丰台区
丰台区
丰台区
朝阳区
朝阳区
朝阳区
朝阳区
朝阳区
朝阳区
海淀区
海淀区
朝阳区
朝阳区
朝阳区
朝阳区
朝阳区
朝阳区
朝阳区
朝阳区
朝阳区
朝阳区
朝阳区
朝阳区
朝阳区
朝阳区
朝阳区
朝阳区
朝阳区
朝阳区
朝阳区
朝阳区
朝阳区
朝阳区
朝阳区
朝阳区
朝阳区
朝阳区
石景山区
石景山区
石景山区
石景山区
朝阳区
朝阳区
朝阳区
朝阳区
朝阳区
朝阳区
朝阳区
朝阳区
朝阳区
朝阳区
朝阳区
朝阳区
朝阳区
朝阳区
朝阳区
朝阳区
朝阳区
朝阳区
朝阳区
朝阳区
朝阳区
朝阳区
朝阳区
朝阳区
朝阳区
朝阳区
朝阳区
朝阳区
朝阳区
朝阳区
石景山区
丰台区
石景山区
朝阳区
朝阳区
朝阳区
朝阳区
朝阳区
朝阳区
朝阳区
朝阳区
朝阳区
朝阳区
通州区
通州区
朝阳区
朝阳区
朝阳区
朝阳区
朝阳区
朝阳区
朝阳区
朝阳区
朝阳区
朝阳区
朝阳区
大兴区
大兴区
大兴区
大兴区
西城区
西城区
西城区
西城区
海淀区
海淀区
海淀区
海淀区
海淀区
海淀区
海淀区
海淀区
海淀区
海淀区
海淀区
海淀区
海淀区
东城区
东城区
西城区
西城区
西城区
丰台区
丰台区
门头沟区
朝阳区
朝阳区
朝阳区
朝阳区
朝阳区
朝阳区
朝阳区
朝阳区
朝阳区
朝阳区
朝阳区
朝阳区
朝阳区
朝阳区
朝阳区
朝阳区
朝阳区
朝阳区
朝阳区
朝阳区
朝阳区
朝阳区
朝阳区
朝阳区
朝阳区
朝阳区
西城区
西城区
西城区
西城区
西城区
西城区
西城区
西城区
西城区
西城区
朝阳区
朝阳区
朝阳区
朝阳区
朝阳区
昌平区
昌平区
昌平区
昌平区
昌平区
朝阳区
朝阳区
朝阳区
朝阳区
朝阳区
朝阳区
朝阳区
朝阳区
朝阳区
朝阳区
朝阳区
朝阳区
朝阳区
朝阳区
朝阳区
朝阳区
朝阳区
朝阳区
朝阳区
朝阳区
朝阳区
朝阳区
朝阳区
昌平区
昌平区
昌平区
昌平区
昌平区
丰台区
丰台区
丰台区
丰台区
门头沟区
门头沟区
门头沟区
海淀区
海淀区
海淀区
海淀区
朝阳区
朝阳区
朝阳区
门头沟区
门头沟区
门头沟区
门头沟区
门头沟区
海淀区
海淀区
海淀区
海淀区
海淀区
朝阳区
朝阳区
朝阳区
朝阳区
朝阳区
海淀区
海淀区
海淀区
海淀区
海淀区
丰台区
丰台区
丰台区
丰台区
丰台区
丰台区
丰台区
丰台区
丰台区
丰台区
丰台区
丰台区
丰台区
朝阳区
朝阳区
朝阳区
西城区
西城区
西城区
西城区
丰台区
丰台区
丰台区
丰台区
西城区
西城区
西城区
西城区
西城区
朝阳区
朝阳区
朝阳区
朝阳区
朝阳区
朝阳区
朝阳区
朝阳区
朝阳区
朝阳区
朝阳区
丰台区
丰台区
丰台区
丰台区
顺义区
顺义区
顺义区
顺义区
顺义区
朝阳区
朝阳区
朝阳区
朝阳区
丰台区
丰台区
丰台区
丰台区
丰台区
朝阳区
朝阳区
朝阳区
朝阳区
朝阳区
朝阳区
朝阳区
朝阳区
朝阳区
朝阳区
朝阳区
朝阳区
朝阳区
朝阳区
朝阳区
朝阳区
朝阳区
朝阳区
朝阳区
朝阳区
朝阳区
朝阳区
丰台区
丰台区
丰台区
丰台区
丰台区
丰台区
丰台区
丰台区
丰台区
丰台区
丰台区
丰台区
丰台区
丰台区
丰台区
海淀区
海淀区
海淀区
海淀区
海淀区
海淀区
海淀区
海淀区
朝阳区
朝阳区
朝阳区
朝阳区
朝阳区
朝阳区
朝阳区
朝阳区
朝阳区
丰台区
丰台区
丰台区
丰台区
丰台区
朝阳区
朝阳区
朝阳区
丰台区
丰台区
丰台区
丰台区
丰台区
丰台区
丰台区
丰台区
朝阳区
海淀区
海淀区
海淀区
丰台区
丰台区
丰台区
朝阳区
朝阳区
朝阳区
朝阳区
朝阳区
丰台区
丰台区
丰台区
石景山区
石景山区
朝阳区
东城区
朝阳区
东城区
朝阳区
朝阳区
朝阳区
丰台区
丰台区
海淀区
海淀区
朝阳区
朝阳区
东城区
东城区
东城区
东城区
大兴区
大兴区
大兴区
大兴区
朝阳区
朝阳区
朝阳区
丰台区
丰台区
丰台区
朝阳区
朝阳区
朝阳区
朝阳区
东城区
东城区
东城区
东城区
东城区
朝阳区
朝阳区
朝阳区
朝阳区
东城区
东城区
东城区
东城区
朝阳区
朝阳区
朝阳区
朝阳区
朝阳区
通州区
通州区
朝阳区
朝阳区
朝阳区
朝阳区
朝阳区
朝阳区
朝阳区
朝阳区
朝阳区
朝阳区
朝阳区
丰台区
丰台区
丰台区
丰台区
丰台区
朝阳区
朝阳区
朝阳区
朝阳区
朝阳区
朝阳区
朝阳区
朝阳区
朝阳区
朝阳区
东城区
东城区
东城区
东城区
东城区
东城区
东城区
东城区
东城区
东城区
朝阳区
朝阳区
朝阳区
朝阳区
朝阳区
朝阳区
朝阳区
朝阳区
朝阳区
朝阳区
朝阳区
朝阳区
朝阳区
朝阳区
朝阳区
朝阳区
朝阳区
朝阳区
大兴区
大兴区
大兴区
房山区
房山区
房山区
朝阳区
朝阳区
朝阳区
朝阳区
朝阳区
朝阳区
朝阳区
西城区
西城区
西城区
西城区
西城区
西城区
西城区
西城区
西城区
西城区
朝阳区
朝阳区
朝阳区
朝阳区
朝阳区
朝阳区
朝阳区
朝阳区
朝阳区
朝阳区
朝阳区
朝阳区
朝阳区
朝阳区
朝阳区
朝阳区
朝阳区
东城区
东城区
东城区
朝阳区
朝阳区
朝阳区
朝阳区
朝阳区
朝阳区
朝阳区
朝阳区
朝阳区
朝阳区
海淀区
海淀区
海淀区
海淀区
海淀区
朝阳区
朝阳区
朝阳区
朝阳区
朝阳区
朝阳区
朝阳区
朝阳区
西城区
东城区
东城区
东城区
东城区
东城区
东城区
东城区
东城区
东城区
朝阳区
朝阳区
朝阳区
朝阳区
朝阳区
朝阳区
朝阳区
朝阳区
朝阳区
朝阳区
朝阳区
朝阳区
朝阳区
朝阳区
朝阳区
西城区
西城区
西城区
西城区
朝阳区
朝阳区
朝阳区
丰台区
丰台区
丰台区
丰台区
丰台区
朝阳区
朝阳区
朝阳区
朝阳区
朝阳区
朝阳区
朝阳区
朝阳区
朝阳区
朝阳区
朝阳区
朝阳区
朝阳区
东城区
朝阳区
朝阳区
朝阳区
朝阳区
丰台区
丰台区
丰台区
朝阳区
朝阳区
朝阳区
朝阳区
朝阳区
朝阳区
朝阳区
朝阳区
朝阳区
朝阳区
朝阳区
朝阳区
朝阳区
朝阳区
朝阳区
朝阳区
朝阳区
西城区
西城区
西城区
西城区
西城区
朝阳区
朝阳区
朝阳区
大兴区
大兴区
大兴区
丰台区
丰台区
丰台区
丰台区
丰台区
石景山区
石景山区
石景山区
石景山区
石景山区
丰台区
丰台区
丰台区
大兴区
大兴区
海淀区
海淀区
海淀区
海淀区
朝阳区
朝阳区
朝阳区
朝阳区
朝阳区
朝阳区
朝阳区
朝阳区
朝阳区
朝阳区
朝阳区
朝阳区
朝阳区
朝阳区
朝阳区
朝阳区
朝阳区
朝阳区
朝阳区
朝阳区
朝阳区
朝阳区
朝阳区
朝阳区
朝阳区
朝阳区
朝阳区
朝阳区
朝阳区
朝阳区
朝阳区
朝阳区
朝阳区
石景山区
石景山区
石景山区
海淀区
海淀区
海淀区
丰台区
丰台区
丰台区
丰台区
丰台区
朝阳区
朝阳区
朝阳区
朝阳区
朝阳区
朝阳区
朝阳区
朝阳区
朝阳区
海淀区
海淀区
海淀区
朝阳区
朝阳区
朝阳区
朝阳区
朝阳区
东城区
东城区
东城区
东城区
丰台区
丰台区
丰台区
丰台区
丰台区
丰台区
大兴区
大兴区
东城区
东城区
东城区
东城区
东城区
朝阳区
朝阳区
朝阳区
朝阳区
朝阳区
朝阳区
朝阳区
朝阳区
朝阳区
朝阳区
东城区
丰台区
朝阳区
朝阳区
朝阳区
朝阳区
朝阳区
丰台区
丰台区
丰台区
朝阳区
朝阳区
朝阳区
朝阳区
朝阳区
朝阳区
朝阳区
东城区
东城区
朝阳区
朝阳区
丰台区
丰台区
丰台区
丰台区
朝阳区
朝阳区
朝阳区
朝阳区
朝阳区
朝阳区
朝阳区
朝阳区
朝阳区
朝阳区
朝阳区
朝阳区
朝阳区
朝阳区
朝阳区
大兴区
大兴区
大兴区
大兴区
朝阳区
朝阳区
朝阳区
朝阳区
海淀区
海淀区
海淀区
通州区
通州区
通州区
通州区
通州区
大兴区
朝阳区
朝阳区
朝阳区
朝阳区
丰台区
丰台区
丰台区
丰台区
丰台区
丰台区
丰台区
丰台区
丰台区
朝阳区
朝阳区
朝阳区
朝阳区
朝阳区
丰台区
丰台区
西城区
西城区
大兴区
朝阳区
朝阳区
朝阳区
朝阳区
朝阳区
朝阳区
朝阳区
朝阳区
朝阳区
朝阳区
朝阳区
房山区
房山区
房山区
房山区
房山区
朝阳区
朝阳区
朝阳区
朝阳区
朝阳区
朝阳区
朝阳区
朝阳区
朝阳区
朝阳区
朝阳区
海淀区
海淀区
海淀区
海淀区
海淀区
朝阳区
朝阳区
朝阳区
朝阳区
朝阳区
朝阳区
朝阳区
朝阳区
朝阳区
朝阳区
朝阳区
朝阳区
朝阳区
朝阳区
朝阳区
朝阳区
朝阳区
朝阳区
朝阳区
朝阳区
朝阳区
朝阳区
朝阳区
朝阳区
朝阳区
朝阳区
朝阳区
朝阳区
朝阳区
朝阳区
朝阳区
朝阳区
丰台区
朝阳区
朝阳区
朝阳区
朝阳区
朝阳区
朝阳区
朝阳区
丰台区
丰台区
通州区
通州区
通州区
通州区
丰台区
通州区
通州区
通州区
通州区
朝阳区
朝阳区
朝阳区
朝阳区
朝阳区
朝阳区
朝阳区
朝阳区
海淀区
海淀区
海淀区
海淀区
大兴区
大兴区
大兴区
朝阳区
朝阳区
朝阳区
朝阳区
东城区
东城区
朝阳区
东城区
东城区
丰台区
丰台区
丰台区
丰台区
朝阳区
通州区
通州区
朝阳区
通州区
朝阳区
通州区
通州区
朝阳区
通州区
通州区
通州区
通州区
通州区
通州区
丰台区
丰台区
丰台区
丰台区
朝阳区
朝阳区
朝阳区
东城区
东城区
东城区
东城区
西城区
东城区
东城区
东城区
东城区
西城区
朝阳区
朝阳区
朝阳区
朝阳区
朝阳区
朝阳区
朝阳区
朝阳区
朝阳区
朝阳区
朝阳区
朝阳区
朝阳区
朝阳区
东城区
东城区
东城区
东城区
东城区
朝阳区
朝阳区
朝阳区
朝阳区
东城区
东城区
东城区
东城区
丰台区
丰台区
丰台区
丰台区
丰台区
朝阳区
朝阳区
朝阳区
朝阳区
朝阳区
丰台区
朝阳区
朝阳区
朝阳区
大兴区
大兴区
大兴区
大兴区
大兴区
丰台区
丰台区
门头沟区
门头沟区
门头沟区
西城区
门头沟区
门头沟区
门头沟区
门头沟区
门头沟区
海淀区
海淀区
海淀区
海淀区
丰台区
西城区
朝阳区
朝阳区
朝阳区
朝阳区
朝阳区
朝阳区
朝阳区
朝阳区
海淀区
海淀区
海淀区
海淀区
海淀区
海淀区
海淀区
海淀区
海淀区
海淀区
丰台区
丰台区
丰台区
丰台区
丰台区
朝阳区
朝阳区
朝阳区
大兴区
朝阳区
朝阳区
朝阳区
朝阳区
朝阳区
朝阳区
朝阳区
朝阳区
朝阳区
东城区
东城区
东城区
东城区
朝阳区
朝阳区
朝阳区
海淀区
海淀区
海淀区
海淀区
东城区
东城区
东城区
东城区
朝阳区
朝阳区
朝阳区
朝阳区
朝阳区
朝阳区
朝阳区
朝阳区
朝阳区
朝阳区
朝阳区
朝阳区
朝阳区
朝阳区
朝阳区
西城区
西城区
西城区
西城区
朝阳区
朝阳区
朝阳区
朝阳区
朝阳区
朝阳区
丰台区
丰台区
丰台区
丰台区
朝阳区
朝阳区
朝阳区
朝阳区
朝阳区
通州区
通州区
通州区
通州区
通州区
朝阳区
朝阳区
朝阳区
朝阳区
朝阳区
朝阳区
朝阳区
朝阳区
朝阳区
丰台区
丰台区
丰台区
丰台区
丰台区
丰台区
丰台区
丰台区
丰台区
丰台区
丰台区
丰台区
丰台区
丰台区
朝阳区
朝阳区
朝阳区
朝阳区
朝阳区
东城区
东城区
东城区
朝阳区
朝阳区
朝阳区
朝阳区
朝阳区
朝阳区
朝阳区
朝阳区
朝阳区
朝阳区
朝阳区
朝阳区
朝阳区
朝阳区
朝阳区
朝阳区
朝阳区
朝阳区
海淀区
朝阳区
朝阳区
东城区
东城区
东城区
东城区
东城区
东城区
东城区
东城区
东城区
海淀区
海淀区
海淀区
海淀区
海淀区
海淀区
丰台区
丰台区
丰台区
丰台区
丰台区
丰台区
丰台区
丰台区
丰台区
丰台区
丰台区
丰台区
丰台区
丰台区
丰台区
朝阳区
朝阳区
朝阳区
朝阳区
朝阳区
朝阳区
朝阳区
朝阳区
朝阳区
朝阳区
朝阳区
朝阳区
朝阳区
丰台区
朝阳区
朝阳区
朝阳区
丰台区
朝阳区
朝阳区
朝阳区
丰台区
朝阳区
朝阳区
朝阳区
朝阳区
朝阳区
朝阳区
朝阳区
朝阳区
通州区
通州区
朝阳区
朝阳区
朝阳区
朝阳区
大兴区
大兴区
大兴区
大兴区
大兴区
朝阳区
朝阳区
朝阳区
朝阳区
朝阳区
朝阳区
朝阳区
朝阳区
朝阳区
朝阳区
朝阳区
朝阳区
朝阳区
朝阳区
朝阳区
朝阳区
东城区
东城区
东城区
东城区
东城区
朝阳区
朝阳区
朝阳区
朝阳区
朝阳区
西城区
昌平区
昌平区
朝阳区
朝阳区
朝阳区
朝阳区
朝阳区
朝阳区
朝阳区
朝阳区
朝阳区
朝阳区
东城区
东城区
东城区
东城区
朝阳区
朝阳区
朝阳区
西城区
西城区
海淀区
海淀区
海淀区
东城区
朝阳区
东城区
海淀区
海淀区
朝阳区
朝阳区
朝阳区
朝阳区
朝阳区
东城区
东城区
东城区
东城区
东城区
朝阳区
朝阳区
朝阳区
朝阳区
朝阳区
朝阳区
朝阳区
朝阳区
海淀区
海淀区
海淀区
海淀区
海淀区
昌平区
海淀区
丰台区
丰台区
东城区
东城区
朝阳区
朝阳区
朝阳区
朝阳区
丰台区
丰台区
东城区
东城区
朝阳区
朝阳区
朝阳区
朝阳区
朝阳区
朝阳区
朝阳区
朝阳区
朝阳区
朝阳区
朝阳区
朝阳区
朝阳区
朝阳区
东城区
东城区
东城区
东城区
东城区
朝阳区
朝阳区
朝阳区
朝阳区
朝阳区
朝阳区
朝阳区
朝阳区
朝阳区
朝阳区
西城区
西城区
西城区
西城区
西城区
朝阳区
朝阳区
朝阳区
朝阳区
朝阳区
西城区
西城区
西城区
西城区
西城区
朝阳区
朝阳区
朝阳区
朝阳区
朝阳区
朝阳区
朝阳区
朝阳区
朝阳区
朝阳区
朝阳区
朝阳区
朝阳区
朝阳区
朝阳区
丰台区
丰台区
丰台区
西城区
西城区
西城区
西城区
海淀区
海淀区
海淀区
海淀区
海淀区
朝阳区
朝阳区
朝阳区
朝阳区
朝阳区
朝阳区
朝阳区
朝阳区
朝阳区
朝阳区
朝阳区
朝阳区
朝阳区
朝阳区
朝阳区
朝阳区
海淀区
朝阳区
朝阳区
朝阳区
朝阳区
朝阳区
朝阳区
朝阳区
朝阳区
朝阳区
朝阳区
朝阳区
朝阳区
昌平区
昌平区
昌平区
昌平区
丰台区
丰台区
丰台区
朝阳区
朝阳区
朝阳区
朝阳区
通州区
朝阳区
朝阳区
朝阳区
朝阳区
朝阳区
朝阳区
朝阳区
朝阳区
朝阳区
朝阳区
朝阳区
朝阳区
朝阳区
朝阳区
朝阳区
朝阳区
朝阳区
朝阳区
朝阳区
朝阳区
朝阳区
朝阳区
朝阳区
朝阳区
大兴区
大兴区
大兴区
大兴区
朝阳区
朝阳区
朝阳区
朝阳区
朝阳区
朝阳区
朝阳区
朝阳区
朝阳区
朝阳区
朝阳区
朝阳区
朝阳区
房山区
房山区
房山区
房山区
房山区
房山区
房山区
房山区
房山区
房山区
房山区
房山区
朝阳区
朝阳区
通州区
朝阳区
朝阳区
朝阳区
朝阳区
朝阳区
朝阳区
朝阳区
朝阳区
朝阳区
朝阳区
西城区
西城区
西城区
西城区
朝阳区
朝阳区
朝阳区
朝阳区
朝阳区
朝阳区
朝阳区
朝阳区
朝阳区
朝阳区
朝阳区
朝阳区
朝阳区
朝阳区
朝阳区
海淀区
海淀区
海淀区
海淀区
朝阳区
朝阳区
朝阳区
朝阳区
丰台区
丰台区
丰台区
丰台区
丰台区
丰台区
朝阳区
朝阳区
朝阳区
朝阳区
朝阳区
朝阳区
朝阳区
朝阳区
通州区
通州区
通州区
通州区
通州区
昌平区
昌平区
昌平区
昌平区
朝阳区
朝阳区
朝阳区
朝阳区
朝阳区
朝阳区
海淀区
丰台区
丰台区
丰台区
海淀区
丰台区
丰台区
丰台区
朝阳区
朝阳区
朝阳区
朝阳区
朝阳区
朝阳区
朝阳区
朝阳区
延庆县
延庆县
延庆县
延庆县
朝阳区
朝阳区
朝阳区
朝阳区
朝阳区
朝阳区
朝阳区
朝阳区
朝阳区
朝阳区
朝阳区
朝阳区
朝阳区
朝阳区
朝阳区
朝阳区
朝阳区
朝阳区
朝阳区
西城区
西城区
西城区
西城区
朝阳区
朝阳区
朝阳区
朝阳区
朝阳区
朝阳区
朝阳区
朝阳区
朝阳区
朝阳区
丰台区
丰台区
朝阳区
丰台区
丰台区
丰台区
丰台区
丰台区
丰台区
西城区
西城区
西城区
朝阳区
朝阳区
朝阳区
朝阳区
朝阳区
朝阳区
朝阳区
朝阳区
昌平区
昌平区
朝阳区
朝阳区
朝阳区
朝阳区
朝阳区
朝阳区
朝阳区
朝阳区
朝阳区
朝阳区
朝阳区
朝阳区
朝阳区
朝阳区
朝阳区
朝阳区
朝阳区
朝阳区
朝阳区
朝阳区
朝阳区
朝阳区
丰台区
丰台区
丰台区
丰台区
丰台区
朝阳区
朝阳区
朝阳区
朝阳区
海淀区
西城区
海淀区
海淀区
海淀区
朝阳区
朝阳区
朝阳区
朝阳区
朝阳区
朝阳区
朝阳区
昌平区
昌平区
朝阳区
朝阳区
朝阳区
朝阳区
朝阳区
朝阳区
朝阳区
朝阳区
朝阳区
朝阳区
朝阳区
朝阳区
朝阳区
朝阳区
朝阳区
朝阳区
朝阳区
东城区
东城区
丰台区
丰台区
朝阳区
朝阳区
朝阳区
朝阳区
海淀区
海淀区
海淀区
海淀区
海淀区
东城区
丰台区
东城区
东城区
丰台区
东城区
东城区
丰台区
东城区
海淀区
海淀区
海淀区
海淀区
海淀区
丰台区
丰台区
丰台区
丰台区
朝阳区
朝阳区
朝阳区
朝阳区
东城区
东城区
东城区
朝阳区
朝阳区
朝阳区
丰台区
丰台区
丰台区
丰台区
丰台区
大兴区
大兴区
大兴区
朝阳区
东城区
东城区
东城区
朝阳区
朝阳区
朝阳区
朝阳区
朝阳区
朝阳区
朝阳区
朝阳区
房山区
房山区
房山区
东城区
东城区
东城区
东城区
朝阳区
朝阳区
朝阳区
朝阳区
朝阳区
朝阳区
朝阳区
朝阳区
朝阳区
东城区
朝阳区
东城区
东城区
东城区
东城区
东城区
东城区
朝阳区
朝阳区
朝阳区
朝阳区
朝阳区
朝阳区
朝阳区
朝阳区
朝阳区
朝阳区
海淀区
海淀区
海淀区
海淀区
海淀区
西城区
海淀区
西城区
西城区
西城区
朝阳区
朝阳区
朝阳区
朝阳区
朝阳区
朝阳区
朝阳区
朝阳区
朝阳区
朝阳区
朝阳区
朝阳区
朝阳区
东城区
东城区
东城区
东城区
东城区
朝阳区
朝阳区
朝阳区
朝阳区
朝阳区
朝阳区
朝阳区
朝阳区
朝阳区
朝阳区
朝阳区
海淀区
朝阳区
海淀区
朝阳区
朝阳区
朝阳区
朝阳区
朝阳区
朝阳区
东城区
东城区
西城区
西城区
西城区
朝阳区
朝阳区
朝阳区
朝阳区
朝阳区
朝阳区
丰台区
丰台区
丰台区
丰台区
丰台区
丰台区
丰台区
丰台区
朝阳区
朝阳区
朝阳区
朝阳区
朝阳区
朝阳区
朝阳区
朝阳区
朝阳区
朝阳区
东城区
东城区
东城区
丰台区
丰台区
丰台区
朝阳区
朝阳区
朝阳区
朝阳区
朝阳区
朝阳区
朝阳区
朝阳区
丰台区
朝阳区
朝阳区
朝阳区
朝阳区
朝阳区
西城区
西城区
西城区
东城区
东城区
东城区
朝阳区
朝阳区
朝阳区
朝阳区
朝阳区
朝阳区
朝阳区
海淀区
海淀区
海淀区
海淀区
海淀区
朝阳区
朝阳区
朝阳区
朝阳区
朝阳区
石景山区
石景山区
石景山区
西城区
西城区
丰台区
丰台区
丰台区
丰台区
丰台区
朝阳区
朝阳区
朝阳区
朝阳区
朝阳区
朝阳区
朝阳区
朝阳区
朝阳区
朝阳区
朝阳区
朝阳区
朝阳区
朝阳区
朝阳区
朝阳区
朝阳区
丰台区
丰台区
丰台区
丰台区
朝阳区
丰台区
丰台区
丰台区
丰台区
朝阳区
东城区
朝阳区
朝阳区
朝阳区
朝阳区
朝阳区
朝阳区
朝阳区
朝阳区
昌平区
昌平区
昌平区
昌平区
朝阳区
朝阳区
朝阳区
朝阳区
朝阳区
朝阳区
朝阳区
朝阳区
朝阳区
海淀区
海淀区
海淀区
海淀区
海淀区
丰台区
丰台区
丰台区
丰台区
海淀区
海淀区
海淀区
海淀区
朝阳区
朝阳区
朝阳区
朝阳区
朝阳区
朝阳区
朝阳区
朝阳区
朝阳区
朝阳区
朝阳区
朝阳区
朝阳区
丰台区
丰台区
丰台区
东城区
昌平区
朝阳区
大兴区
朝阳区
大兴区
朝阳区
朝阳区
朝阳区
朝阳区
昌平区
昌平区
昌平区
昌平区
昌平区
房山区
房山区
房山区
朝阳区
朝阳区
朝阳区
朝阳区
通州区
通州区
通州区
通州区
通州区
通州区
通州区
通州区
通州区
通州区
朝阳区
朝阳区
朝阳区
朝阳区
朝阳区
朝阳区
朝阳区
朝阳区
朝阳区
朝阳区
朝阳区
朝阳区
朝阳区
朝阳区
朝阳区
朝阳区
东城区
东城区
东城区
朝阳区
朝阳区
朝阳区
朝阳区
朝阳区
朝阳区
朝阳区
朝阳区
朝阳区
朝阳区
朝阳区
朝阳区
丰台区
丰台区
丰台区
丰台区
丰台区
丰台区
丰台区
丰台区
丰台区
丰台区
丰台区
丰台区
丰台区
丰台区
丰台区
丰台区
丰台区
朝阳区
朝阳区
朝阳区
朝阳区
朝阳区
朝阳区
朝阳区
朝阳区
朝阳区
丰台区
丰台区
丰台区
丰台区
丰台区
朝阳区
朝阳区
朝阳区
朝阳区
朝阳区
朝阳区
朝阳区
朝阳区
朝阳区
东城区
东城区
丰台区
丰台区
东城区
东城区
朝阳区
东城区
丰台区
丰台区
西城区
西城区
丰台区
丰台区
丰台区
西城区
西城区
丰台区
丰台区
丰台区
西城区
西城区
丰台区
丰台区
丰台区
西城区
西城区
丰台区
东城区
东城区
东城区
东城区
朝阳区
东城区
东城区
东城区
东城区
东城区
东城区
东城区
东城区
东城区
东城区
东城区
朝阳区
朝阳区
朝阳区
朝阳区
东城区
东城区
东城区
东城区
东城区
丰台区
丰台区
丰台区
东城区
东城区
东城区
东城区
东城区
东城区
东城区
东城区
东城区
东城区
东城区
朝阳区
朝阳区
朝阳区
朝阳区
东城区
东城区
东城区
东城区
朝阳区
朝阳区
朝阳区
朝阳区
东城区
东城区
东城区
东城区
西城区
西城区
西城区
西城区
朝阳区
朝阳区
朝阳区
朝阳区
朝阳区
朝阳区
朝阳区
朝阳区
朝阳区
朝阳区
朝阳区
朝阳区
朝阳区
朝阳区
朝阳区
朝阳区
朝阳区
朝阳区
朝阳区
朝阳区
朝阳区
朝阳区
朝阳区
朝阳区
朝阳区
朝阳区
朝阳区
朝阳区
东城区
东城区
东城区
东城区
东城区
朝阳区
朝阳区
朝阳区
朝阳区
朝阳区
朝阳区
朝阳区
朝阳区
东城区
东城区
东城区
朝阳区
朝阳区
朝阳区
朝阳区
海淀区
海淀区
海淀区
海淀区
朝阳区
丰台区
朝阳区
丰台区
朝阳区
丰台区
朝阳区
丰台区
朝阳区
丰台区
朝阳区
丰台区
朝阳区
丰台区
朝阳区
丰台区
朝阳区
朝阳区
朝阳区
朝阳区
朝阳区
朝阳区
朝阳区
朝阳区
朝阳区
朝阳区
朝阳区
朝阳区
朝阳区
朝阳区
朝阳区
大兴区
大兴区
大兴区
大兴区
大兴区
朝阳区
朝阳区
朝阳区
大兴区
大兴区
朝阳区
朝阳区
朝阳区
朝阳区
朝阳区
朝阳区
朝阳区
朝阳区
朝阳区
朝阳区
朝阳区
朝阳区
朝阳区
朝阳区
朝阳区
朝阳区
朝阳区
朝阳区
朝阳区
朝阳区
朝阳区
朝阳区
海淀区
海淀区
海淀区
朝阳区
朝阳区
朝阳区
朝阳区
朝阳区
朝阳区
朝阳区
朝阳区
朝阳区
朝阳区
朝阳区
朝阳区
朝阳区
朝阳区
朝阳区
朝阳区
丰台区
丰台区
朝阳区
丰台区
丰台区
丰台区
丰台区
丰台区
朝阳区
朝阳区
朝阳区
朝阳区
朝阳区
朝阳区
朝阳区
朝阳区
朝阳区
朝阳区
朝阳区
朝阳区
朝阳区
朝阳区
丰台区
丰台区
丰台区
丰台区
丰台区
丰台区
丰台区
丰台区
丰台区
丰台区
丰台区
丰台区
丰台区
东城区
丰台区
丰台区
丰台区
丰台区
丰台区
丰台区
通州区
通州区
通州区
朝阳区
朝阳区
朝阳区
朝阳区
朝阳区
丰台区
丰台区
丰台区
朝阳区
朝阳区
朝阳区
朝阳区
朝阳区
朝阳区
朝阳区
朝阳区
朝阳区
朝阳区
朝阳区
朝阳区
朝阳区
朝阳区
顺义区
朝阳区
朝阳区
朝阳区
朝阳区
朝阳区
朝阳区
朝阳区
朝阳区
朝阳区
朝阳区
朝阳区
朝阳区
朝阳区
朝阳区
东城区
东城区
东城区
东城区
朝阳区
朝阳区
朝阳区
朝阳区
朝阳区
朝阳区
朝阳区
朝阳区
朝阳区
朝阳区
朝阳区
朝阳区
朝阳区
朝阳区
东城区
东城区
东城区
东城区
朝阳区
东城区
东城区
东城区
东城区
东城区
东城区
东城区
东城区
朝阳区
朝阳区
朝阳区
朝阳区
朝阳区
朝阳区
朝阳区
朝阳区
朝阳区
朝阳区
朝阳区
朝阳区
朝阳区
朝阳区
朝阳区
朝阳区
朝阳区
朝阳区
朝阳区
朝阳区
东城区
朝阳区
朝阳区
朝阳区
海淀区
朝阳区
朝阳区
朝阳区
朝阳区
朝阳区
大兴区
大兴区
朝阳区
朝阳区
朝阳区
朝阳区
朝阳区
海淀区
海淀区
海淀区
海淀区
海淀区
朝阳区
朝阳区
朝阳区
通州区
通州区
通州区
朝阳区
朝阳区
朝阳区
朝阳区
朝阳区
朝阳区
朝阳区
西城区
西城区
西城区
西城区
通州区
通州区
通州区
通州区
通州区
朝阳区
丰台区
东城区
丰台区
东城区
丰台区
朝阳区
朝阳区
朝阳区
朝阳区
朝阳区
朝阳区
朝阳区
朝阳区
朝阳区
朝阳区
朝阳区
朝阳区
朝阳区
朝阳区
东城区
东城区
东城区
东城区
丰台区
海淀区
海淀区
海淀区
海淀区
海淀区
石景山区
石景山区
石景山区
朝阳区
朝阳区
丰台区
昌平区
昌平区
昌平区
昌平区
昌平区
西城区
西城区
西城区
西城区
大兴区
大兴区
大兴区
朝阳区
朝阳区
朝阳区
朝阳区
丰台区
丰台区
丰台区
丰台区
丰台区
丰台区
通州区
通州区
通州区
通州区
通州区
朝阳区
朝阳区
朝阳区
大兴区
大兴区
朝阳区
朝阳区
朝阳区
朝阳区
朝阳区
门头沟区
门头沟区
门头沟区
门头沟区
朝阳区
朝阳区
朝阳区
朝阳区
朝阳区
丰台区
丰台区
丰台区
丰台区
朝阳区
丰台区
丰台区
丰台区
丰台区
朝阳区
朝阳区
朝阳区
朝阳区
朝阳区
朝阳区
朝阳区
朝阳区
朝阳区
朝阳区
朝阳区
朝阳区
朝阳区
朝阳区
朝阳区
丰台区
丰台区
丰台区
丰台区
丰台区
朝阳区
朝阳区
朝阳区
朝阳区
朝阳区
朝阳区
朝阳区
朝阳区
朝阳区
朝阳区
朝阳区
朝阳区
朝阳区
朝阳区
朝阳区
朝阳区
丰台区
丰台区
丰台区
丰台区
东城区
东城区
朝阳区
朝阳区
东城区
东城区
朝阳区
朝阳区
丰台区
丰台区
丰台区
丰台区
丰台区
丰台区
丰台区
丰台区
丰台区
丰台区
丰台区
丰台区
丰台区
丰台区
丰台区
朝阳区
朝阳区
朝阳区
朝阳区
朝阳区
朝阳区
朝阳区
朝阳区
朝阳区
朝阳区
朝阳区
朝阳区
大兴区
大兴区
大兴区
大兴区
朝阳区
朝阳区
朝阳区
朝阳区
朝阳区
东城区
东城区
东城区
东城区
丰台区
丰台区
丰台区
丰台区
丰台区
丰台区
丰台区
丰台区
丰台区
海淀区
海淀区
海淀区
海淀区
大兴区
大兴区
大兴区
大兴区
朝阳区
朝阳区
朝阳区
朝阳区
朝阳区
通州区
通州区
通州区
朝阳区
朝阳区
朝阳区
朝阳区
朝阳区
大兴区
大兴区
大兴区
大兴区
大兴区
丰台区
丰台区
丰台区
丰台区
丰台区
丰台区
丰台区
丰台区
丰台区
海淀区
海淀区
海淀区
海淀区
海淀区
门头沟区
门头沟区
门头沟区
门头沟区
门头沟区
海淀区
海淀区
海淀区
海淀区
海淀区
朝阳区
朝阳区
朝阳区
朝阳区
朝阳区
朝阳区
朝阳区
朝阳区
朝阳区
朝阳区
朝阳区
西城区
西城区
丰台区
丰台区
海淀区
海淀区
海淀区
海淀区
海淀区
海淀区
海淀区
海淀区
朝阳区
朝阳区
朝阳区
朝阳区
东城区
东城区
东城区
东城区
东城区
东城区
东城区
东城区
丰台区
丰台区
朝阳区
朝阳区
朝阳区
朝阳区
朝阳区
丰台区
丰台区
丰台区
丰台区
丰台区
丰台区
丰台区
丰台区
丰台区
丰台区
丰台区
丰台区
房山区
房山区
房山区
房山区
房山区
丰台区
丰台区
丰台区
西城区
西城区
西城区
西城区
西城区
朝阳区
朝阳区
朝阳区
朝阳区
朝阳区
朝阳区
朝阳区
朝阳区
朝阳区
海淀区
海淀区
海淀区
海淀区
海淀区
海淀区
海淀区
海淀区
朝阳区
朝阳区
朝阳区
海淀区
海淀区
朝阳区
朝阳区
朝阳区
朝阳区
昌平区
昌平区
昌平区
昌平区
朝阳区
朝阳区
朝阳区
朝阳区
朝阳区
朝阳区
朝阳区
朝阳区
朝阳区
朝阳区
朝阳区
丰台区
丰台区
丰台区
丰台区
朝阳区
朝阳区
朝阳区
朝阳区
朝阳区
朝阳区
朝阳区
朝阳区
海淀区
海淀区
海淀区
海淀区
海淀区
朝阳区
朝阳区
朝阳区
朝阳区
朝阳区
朝阳区
朝阳区
朝阳区
朝阳区
通州区
通州区
通州区
通州区
朝阳区
朝阳区
朝阳区
朝阳区
朝阳区
朝阳区
朝阳区
朝阳区
朝阳区
朝阳区
朝阳区
朝阳区
朝阳区
朝阳区
丰台区
朝阳区
丰台区
丰台区
丰台区
丰台区
丰台区
丰台区
丰台区
朝阳区
朝阳区
朝阳区
丰台区
丰台区
丰台区
丰台区
丰台区
丰台区
丰台区
丰台区
丰台区
海淀区
海淀区
海淀区
海淀区
丰台区
丰台区
丰台区
丰台区
丰台区
丰台区
丰台区
丰台区
丰台区
丰台区
丰台区
丰台区
丰台区
丰台区
丰台区
朝阳区
朝阳区
朝阳区
朝阳区
东城区
东城区
东城区
东城区
东城区
东城区
朝阳区
朝阳区
朝阳区
朝阳区
海淀区
海淀区
海淀区
海淀区
朝阳区
朝阳区
朝阳区
朝阳区
朝阳区
朝阳区
朝阳区
朝阳区
朝阳区
朝阳区
朝阳区
朝阳区
朝阳区
朝阳区
朝阳区
朝阳区
东城区
朝阳区
朝阳区
朝阳区
朝阳区
朝阳区
朝阳区
朝阳区
丰台区
朝阳区
朝阳区
朝阳区
朝阳区
朝阳区
朝阳区
朝阳区
朝阳区
朝阳区
朝阳区
朝阳区
朝阳区
朝阳区
朝阳区
朝阳区
朝阳区
朝阳区
朝阳区
朝阳区
朝阳区
朝阳区
丰台区
丰台区
丰台区
丰台区
丰台区
丰台区
丰台区
丰台区
丰台区
丰台区
丰台区
丰台区
丰台区
朝阳区
朝阳区
朝阳区
朝阳区
朝阳区
通州区
通州区
通州区
通州区
通州区
房山区
房山区
房山区
朝阳区
朝阳区
朝阳区
朝阳区
朝阳区
朝阳区
朝阳区
朝阳区
东城区
东城区
东城区
东城区
东城区
朝阳区
朝阳区
朝阳区
朝阳区
朝阳区
朝阳区
朝阳区
朝阳区
丰台区
丰台区
丰台区
丰台区
朝阳区
朝阳区
朝阳区
朝阳区
丰台区
丰台区
丰台区
丰台区
丰台区
丰台区
丰台区
丰台区
丰台区
丰台区
丰台区
丰台区
丰台区
朝阳区
朝阳区
朝阳区
朝阳区
朝阳区
朝阳区
朝阳区
朝阳区
朝阳区
丰台区
朝阳区
丰台区
丰台区
丰台区
丰台区
丰台区
丰台区
朝阳区
丰台区
丰台区
丰台区
丰台区
丰台区
朝阳区
朝阳区
朝阳区
朝阳区
朝阳区
朝阳区
朝阳区
朝阳区
丰台区
朝阳区
朝阳区
朝阳区
朝阳区
丰台区
朝阳区
朝阳区
朝阳区
朝阳区
朝阳区
朝阳区
朝阳区
朝阳区
朝阳区
朝阳区
朝阳区
朝阳区
朝阳区
朝阳区
朝阳区
朝阳区
朝阳区
朝阳区
朝阳区
丰台区
丰台区
朝阳区
朝阳区
朝阳区
海淀区
海淀区
东城区
东城区
朝阳区
朝阳区
朝阳区
朝阳区
朝阳区
朝阳区
朝阳区
朝阳区
朝阳区
朝阳区
朝阳区
朝阳区
朝阳区
朝阳区
朝阳区
朝阳区
朝阳区
朝阳区
丰台区
丰台区
丰台区
丰台区
丰台区
丰台区
丰台区
丰台区
丰台区
丰台区
丰台区
丰台区
丰台区
丰台区
丰台区
朝阳区
朝阳区
朝阳区
朝阳区
朝阳区
朝阳区
海淀区
海淀区
海淀区
海淀区
海淀区
海淀区
海淀区
海淀区
朝阳区
朝阳区
朝阳区
朝阳区
朝阳区
朝阳区
朝阳区
朝阳区
朝阳区
朝阳区
朝阳区
海淀区
海淀区
海淀区
朝阳区
朝阳区
朝阳区
朝阳区
朝阳区
朝阳区
朝阳区
朝阳区
朝阳区
朝阳区
朝阳区
朝阳区
朝阳区
朝阳区
朝阳区
朝阳区
朝阳区
朝阳区
朝阳区
朝阳区
朝阳区
朝阳区
朝阳区
东城区
朝阳区
朝阳区
朝阳区
朝阳区
朝阳区
朝阳区
朝阳区
朝阳区
朝阳区
朝阳区
朝阳区
朝阳区
朝阳区
朝阳区
朝阳区
朝阳区
西城区
西城区
西城区
西城区
西城区
西城区
西城区
西城区
丰台区
丰台区
东城区
丰台区
丰台区
通州区
通州区
通州区
通州区
朝阳区
朝阳区
朝阳区
丰台区
丰台区
丰台区
丰台区
丰台区
丰台区
丰台区
丰台区
丰台区
丰台区
朝阳区
朝阳区
朝阳区
朝阳区
朝阳区
朝阳区
朝阳区
朝阳区
朝阳区
朝阳区
朝阳区
海淀区
海淀区
海淀区
海淀区
海淀区
海淀区
海淀区
海淀区
东城区
东城区
东城区
东城区
朝阳区
朝阳区
朝阳区
朝阳区
朝阳区
朝阳区
朝阳区
朝阳区
朝阳区
朝阳区
朝阳区
朝阳区
朝阳区
朝阳区
朝阳区
朝阳区
朝阳区
朝阳区
朝阳区
丰台区
朝阳区
丰台区
丰台区
朝阳区
朝阳区
朝阳区
朝阳区
海淀区
海淀区
海淀区
海淀区
海淀区
海淀区
海淀区
海淀区
海淀区
海淀区
海淀区
海淀区
海淀区
海淀区
海淀区
海淀区
海淀区
海淀区
海淀区
海淀区
海淀区
海淀区
海淀区
海淀区
海淀区
海淀区
朝阳区
朝阳区
朝阳区
朝阳区
朝阳区
丰台区
丰台区
丰台区
丰台区
丰台区
丰台区
丰台区
丰台区
丰台区
朝阳区
朝阳区
朝阳区
朝阳区
朝阳区
朝阳区
朝阳区
朝阳区
朝阳区
朝阳区
朝阳区
朝阳区
东城区
丰台区
丰台区
丰台区
丰台区
丰台区
丰台区
丰台区
丰台区
丰台区
朝阳区
朝阳区
朝阳区
朝阳区
朝阳区
朝阳区
朝阳区
朝阳区
朝阳区
朝阳区
朝阳区
朝阳区
朝阳区
朝阳区
丰台区
丰台区
朝阳区
丰台区
丰台区
丰台区
丰台区
石景山区
石景山区
石景山区
石景山区
石景山区
石景山区
石景山区
石景山区
石景山区
石景山区
朝阳区
朝阳区
朝阳区
朝阳区
朝阳区
朝阳区
朝阳区
朝阳区
朝阳区
丰台区
丰台区
丰台区
丰台区
丰台区
通州区
通州区
通州区
通州区
通州区
海淀区
海淀区
海淀区
朝阳区
朝阳区
朝阳区
朝阳区
通州区
朝阳区
朝阳区
朝阳区
朝阳区
朝阳区
朝阳区
朝阳区
朝阳区
朝阳区
通州区
朝阳区
朝阳区
朝阳区
朝阳区
朝阳区
朝阳区
朝阳区
丰台区
丰台区
丰台区
丰台区
丰台区
朝阳区
朝阳区
朝阳区
朝阳区
东城区
大兴区
大兴区
大兴区
大兴区
大兴区
朝阳区
朝阳区
朝阳区
朝阳区
朝阳区
朝阳区
朝阳区
朝阳区
朝阳区
朝阳区
朝阳区
朝阳区
朝阳区
朝阳区
朝阳区
朝阳区
朝阳区
朝阳区
朝阳区
通州区
大兴区
通州区
通州区
丰台区
丰台区
朝阳区
朝阳区
朝阳区
丰台区
丰台区
丰台区
丰台区
丰台区
丰台区
丰台区
丰台区
丰台区
丰台区
丰台区
丰台区
丰台区
海淀区
海淀区
海淀区
海淀区
朝阳区
朝阳区
朝阳区
朝阳区
朝阳区
海淀区
海淀区
海淀区
海淀区
海淀区
朝阳区
朝阳区
朝阳区
朝阳区
朝阳区
朝阳区
朝阳区
朝阳区
丰台区
东城区
东城区
东城区
东城区
东城区
朝阳区
东城区
东城区
东城区
丰台区
丰台区
丰台区
丰台区
丰台区
海淀区
海淀区
海淀区
海淀区
海淀区
西城区
西城区
西城区
西城区
西城区
朝阳区
朝阳区
朝阳区
朝阳区
朝阳区
丰台区
丰台区
东城区
丰台区
丰台区
丰台区
东城区
丰台区
朝阳区
朝阳区
朝阳区
朝阳区
朝阳区
朝阳区
朝阳区
朝阳区
朝阳区
朝阳区
朝阳区
东城区
朝阳区
朝阳区
朝阳区
朝阳区
朝阳区
朝阳区
朝阳区
朝阳区
东城区
通州区
通州区
通州区
通州区
门头沟区
门头沟区
门头沟区
门头沟区
朝阳区
朝阳区
朝阳区
朝阳区
海淀区
海淀区
海淀区
海淀区
海淀区
海淀区
海淀区
海淀区
海淀区
朝阳区
朝阳区
朝阳区
朝阳区
朝阳区
朝阳区
朝阳区
朝阳区
朝阳区
朝阳区
朝阳区
朝阳区
朝阳区
朝阳区
朝阳区
朝阳区
朝阳区
朝阳区
朝阳区
朝阳区
朝阳区
朝阳区
朝阳区
朝阳区
朝阳区
朝阳区
朝阳区
海淀区
海淀区
海淀区
东城区
东城区
朝阳区
朝阳区
朝阳区
东城区
东城区
朝阳区
朝阳区
朝阳区
朝阳区
朝阳区
朝阳区
朝阳区
朝阳区
朝阳区
朝阳区
朝阳区
朝阳区
朝阳区
朝阳区
朝阳区
朝阳区
朝阳区
朝阳区
朝阳区
朝阳区
朝阳区
朝阳区
朝阳区
朝阳区
朝阳区
朝阳区
朝阳区
朝阳区
西城区
丰台区
丰台区
丰台区
丰台区
朝阳区
朝阳区
朝阳区
东城区
朝阳区
朝阳区
朝阳区
朝阳区
朝阳区
海淀区
海淀区
海淀区
海淀区
海淀区
朝阳区
朝阳区
朝阳区
朝阳区
朝阳区
朝阳区
朝阳区
朝阳区
朝阳区
朝阳区
朝阳区
朝阳区
朝阳区
朝阳区
海淀区
海淀区
海淀区
通州区
通州区
通州区
通州区
通州区
通州区
通州区
通州区
通州区
通州区
朝阳区
朝阳区
朝阳区
朝阳区
朝阳区
东城区
西城区
西城区
朝阳区
朝阳区
朝阳区
通州区
通州区
通州区
通州区
朝阳区
朝阳区
朝阳区
海淀区
海淀区
海淀区
海淀区
丰台区
丰台区
丰台区
丰台区
丰台区
丰台区
丰台区
丰台区
丰台区
朝阳区
朝阳区
朝阳区
朝阳区
朝阳区
朝阳区
昌平区
昌平区
昌平区
朝阳区
朝阳区
朝阳区
朝阳区
朝阳区
朝阳区
丰台区
丰台区
丰台区
丰台区
朝阳区
丰台区
丰台区
丰台区
丰台区
昌平区
昌平区
昌平区
朝阳区
朝阳区
朝阳区
朝阳区
朝阳区
朝阳区
朝阳区
朝阳区
海淀区
海淀区
海淀区
海淀区
朝阳区
朝阳区
朝阳区
朝阳区
门头沟区
门头沟区
门头沟区
门头沟区
门头沟区
丰台区
丰台区
丰台区
丰台区
丰台区
海淀区
海淀区
海淀区
海淀区
海淀区
丰台区
丰台区
丰台区
丰台区
丰台区
丰台区
丰台区
丰台区
大兴区
大兴区
大兴区
大兴区
丰台区
丰台区
丰台区
丰台区
丰台区
东城区
东城区
朝阳区
朝阳区
朝阳区
朝阳区
朝阳区
朝阳区
朝阳区
朝阳区
朝阳区
朝阳区
朝阳区
朝阳区
朝阳区
朝阳区
朝阳区
朝阳区
朝阳区
朝阳区
朝阳区
朝阳区
朝阳区
海淀区
海淀区
海淀区
海淀区
通州区
通州区
通州区
通州区
通州区
西城区
西城区
西城区
西城区
西城区
西城区
西城区
西城区
朝阳区
朝阳区
朝阳区
朝阳区
朝阳区
朝阳区
朝阳区
朝阳区
朝阳区
朝阳区
朝阳区
朝阳区
朝阳区
朝阳区
朝阳区
丰台区
丰台区
丰台区
丰台区
丰台区
朝阳区
朝阳区
朝阳区
朝阳区
朝阳区
朝阳区
朝阳区
朝阳区
大兴区
大兴区
东城区
东城区
东城区
东城区
东城区
丰台区
丰台区
丰台区
朝阳区
西城区
西城区
西城区
西城区
西城区
通州区
通州区
通州区
通州区
通州区
东城区
东城区
东城区
东城区
朝阳区
朝阳区
朝阳区
朝阳区
朝阳区
朝阳区
朝阳区
朝阳区
海淀区
海淀区
海淀区
朝阳区
朝阳区
朝阳区
朝阳区
海淀区
海淀区
海淀区
海淀区
朝阳区
朝阳区
朝阳区
朝阳区
朝阳区
朝阳区
朝阳区
朝阳区
朝阳区
朝阳区
朝阳区
朝阳区
朝阳区
朝阳区
朝阳区
朝阳区
朝阳区
海淀区
海淀区
海淀区
海淀区
海淀区
海淀区
大兴区
大兴区
丰台区
丰台区
丰台区
丰台区
丰台区
丰台区
丰台区
丰台区
丰台区
海淀区
海淀区
海淀区
海淀区
丰台区
丰台区
丰台区
丰台区
丰台区
丰台区
丰台区
丰台区
丰台区
丰台区
房山区
房山区
房山区
房山区
房山区
朝阳区
朝阳区
朝阳区
朝阳区
朝阳区
朝阳区
朝阳区
朝阳区
朝阳区
朝阳区
朝阳区
朝阳区
朝阳区
朝阳区
丰台区
丰台区
朝阳区
朝阳区
朝阳区
朝阳区
丰台区
丰台区
丰台区
丰台区
丰台区
通州区
通州区
通州区
朝阳区
朝阳区
朝阳区
朝阳区
朝阳区
朝阳区
朝阳区
朝阳区
朝阳区
昌平区
朝阳区
朝阳区
朝阳区
朝阳区
朝阳区
朝阳区
朝阳区
朝阳区
丰台区
丰台区
丰台区
朝阳区
丰台区
丰台区
丰台区
丰台区
朝阳区
朝阳区
通州区
朝阳区
朝阳区
朝阳区
朝阳区
朝阳区
朝阳区
朝阳区
海淀区
海淀区
海淀区
海淀区
朝阳区
朝阳区
朝阳区
朝阳区
朝阳区
朝阳区
朝阳区
朝阳区
朝阳区
朝阳区
朝阳区
朝阳区
朝阳区
朝阳区
朝阳区
朝阳区
朝阳区
朝阳区
朝阳区
朝阳区
朝阳区
海淀区
海淀区
海淀区
海淀区
海淀区
朝阳区
朝阳区
朝阳区
朝阳区
朝阳区
朝阳区
朝阳区
朝阳区
朝阳区
朝阳区
朝阳区
朝阳区
朝阳区
朝阳区
朝阳区
朝阳区
朝阳区
朝阳区
朝阳区
朝阳区
朝阳区
朝阳区
朝阳区
朝阳区
朝阳区
朝阳区
朝阳区
朝阳区
朝阳区
朝阳区
朝阳区
朝阳区
朝阳区
朝阳区
朝阳区
朝阳区
朝阳区
朝阳区
朝阳区
朝阳区
朝阳区
朝阳区
东城区
东城区
东城区
大兴区
大兴区
丰台区
大兴区
东城区
东城区
东城区
东城区
丰台区
丰台区
丰台区
丰台区
丰台区
丰台区
丰台区
丰台区
丰台区
丰台区
海淀区
海淀区
海淀区
海淀区
通州区
通州区
通州区
通州区
通州区
朝阳区
朝阳区
朝阳区
朝阳区
朝阳区
朝阳区
朝阳区
朝阳区
朝阳区
朝阳区
朝阳区
朝阳区
丰台区
丰台区
丰台区
丰台区
丰台区
丰台区
丰台区
丰台区
丰台区
丰台区
丰台区
丰台区
丰台区
丰台区
丰台区
朝阳区
朝阳区
朝阳区
朝阳区
通州区
通州区
通州区
通州区
通州区
朝阳区
朝阳区
朝阳区
朝阳区
朝阳区
朝阳区
朝阳区
朝阳区
朝阳区
朝阳区
房山区
房山区
房山区
房山区
海淀区
海淀区
海淀区
海淀区
海淀区
朝阳区
朝阳区
朝阳区
丰台区
丰台区
朝阳区
丰台区
朝阳区
朝阳区
朝阳区
朝阳区
朝阳区
海淀区
海淀区
海淀区
海淀区
海淀区
海淀区
海淀区
海淀区
海淀区
海淀区
海淀区
海淀区
海淀区
海淀区
海淀区
海淀区
海淀区
朝阳区
朝阳区
朝阳区
朝阳区
朝阳区
海淀区
海淀区
海淀区
海淀区
海淀区
海淀区
海淀区
海淀区
海淀区
海淀区
房山区
房山区
房山区
房山区
丰台区
丰台区
丰台区
丰台区
丰台区
丰台区
丰台区
海淀区
丰台区
丰台区
丰台区
丰台区
丰台区
丰台区
丰台区
丰台区
丰台区
丰台区
丰台区
丰台区
丰台区
丰台区
丰台区
丰台区
丰台区
朝阳区
朝阳区
朝阳区
朝阳区
朝阳区
朝阳区
朝阳区
朝阳区
朝阳区
朝阳区
朝阳区
朝阳区
丰台区
丰台区
丰台区
西城区
西城区
西城区
西城区
西城区
朝阳区
朝阳区
大兴区
大兴区
大兴区
大兴区
东城区
东城区
东城区
东城区
大兴区
大兴区
大兴区
大兴区
大兴区
丰台区
丰台区
丰台区
丰台区
海淀区
海淀区
海淀区
海淀区
海淀区
西城区
西城区
西城区
西城区
海淀区
朝阳区
朝阳区
朝阳区
朝阳区
朝阳区
朝阳区
朝阳区
朝阳区
朝阳区
大兴区
大兴区
海淀区
海淀区
海淀区
朝阳区
朝阳区
朝阳区
朝阳区
朝阳区
朝阳区
朝阳区
朝阳区
朝阳区
朝阳区
朝阳区
朝阳区
石景山区
石景山区
西城区
西城区
西城区
西城区
西城区
西城区
西城区
西城区
西城区
西城区
朝阳区
朝阳区
朝阳区
朝阳区
朝阳区
朝阳区
朝阳区
海淀区
海淀区
海淀区
海淀区
海淀区
朝阳区
朝阳区
朝阳区
朝阳区
朝阳区
朝阳区
朝阳区
朝阳区
朝阳区
朝阳区
朝阳区
丰台区
丰台区
丰台区
丰台区
丰台区
朝阳区
朝阳区
东城区
朝阳区
东城区
大兴区
大兴区
大兴区
大兴区
海淀区
海淀区
海淀区
海淀区
大兴区
大兴区
大兴区
大兴区
大兴区
通州区
通州区
通州区
通州区
朝阳区
朝阳区
朝阳区
朝阳区
朝阳区
丰台区
丰台区
丰台区
丰台区
丰台区
丰台区
丰台区
丰台区
丰台区
朝阳区
朝阳区
朝阳区
朝阳区
朝阳区
朝阳区
朝阳区
朝阳区
朝阳区
朝阳区
朝阳区
朝阳区
朝阳区
朝阳区
朝阳区
朝阳区
丰台区
丰台区
朝阳区
朝阳区
朝阳区
丰台区
丰台区
丰台区
丰台区
房山区
房山区
海淀区
海淀区
朝阳区
朝阳区
海淀区
海淀区
海淀区
海淀区
海淀区
海淀区
朝阳区
朝阳区
朝阳区
昌平区
昌平区
昌平区
昌平区
海淀区
海淀区
海淀区
海淀区
海淀区
海淀区
丰台区
丰台区
丰台区
海淀区
海淀区
海淀区
海淀区
西城区
西城区
西城区
丰台区
丰台区
丰台区
朝阳区
朝阳区
朝阳区
朝阳区
朝阳区
丰台区
丰台区
丰台区
丰台区
朝阳区
朝阳区
朝阳区
大兴区
大兴区
大兴区
大兴区
丰台区
丰台区
丰台区
丰台区
朝阳区
朝阳区
朝阳区
朝阳区
朝阳区
朝阳区
朝阳区
朝阳区
朝阳区
朝阳区
朝阳区
朝阳区
丰台区
丰台区
丰台区
丰台区
东城区
朝阳区
朝阳区
东城区
朝阳区
朝阳区
大兴区
大兴区
大兴区
大兴区
海淀区
海淀区
海淀区
海淀区
海淀区
朝阳区
朝阳区
通州区
朝阳区
朝阳区
通州区
朝阳区
朝阳区
朝阳区
朝阳区
通州区
昌平区
昌平区
昌平区
昌平区
昌平区
丰台区
丰台区
丰台区
丰台区
丰台区
通州区
通州区
通州区
通州区
通州区
海淀区
海淀区
海淀区
海淀区
海淀区
朝阳区
朝阳区
朝阳区
朝阳区
朝阳区
丰台区
丰台区
丰台区
丰台区
丰台区
东城区
东城区
海淀区
海淀区
海淀区
海淀区
海淀区
海淀区
海淀区
海淀区
海淀区
朝阳区
朝阳区
朝阳区
朝阳区
朝阳区
朝阳区
朝阳区
朝阳区
朝阳区
朝阳区
朝阳区
海淀区
西城区
西城区
西城区
西城区
东城区
东城区
东城区
东城区
朝阳区
朝阳区
朝阳区
朝阳区
海淀区
西城区
西城区
西城区
朝阳区
朝阳区
朝阳区
丰台区
丰台区
丰台区
丰台区
海淀区
海淀区
海淀区
海淀区
海淀区
通州区
通州区
通州区
东城区
东城区
东城区
东城区
东城区
东城区
东城区
东城区
朝阳区
朝阳区
朝阳区
朝阳区
丰台区
丰台区
丰台区
丰台区
丰台区
丰台区
丰台区
丰台区
东城区
东城区
东城区
东城区
东城区
东城区
东城区
东城区
东城区
东城区
东城区
东城区
东城区
东城区
大兴区
大兴区
大兴区
大兴区
大兴区
朝阳区
朝阳区
朝阳区
昌平区
昌平区
昌平区
昌平区
通州区
通州区
通州区
通州区
朝阳区
朝阳区
朝阳区
朝阳区
朝阳区
朝阳区
朝阳区
朝阳区
朝阳区
朝阳区
朝阳区
大兴区
大兴区
大兴区
大兴区
朝阳区
朝阳区
朝阳区
朝阳区
朝阳区
海淀区
海淀区
海淀区
海淀区
朝阳区
朝阳区
朝阳区
朝阳区
朝阳区
朝阳区
朝阳区
朝阳区
朝阳区
朝阳区
朝阳区
朝阳区
海淀区
海淀区
海淀区
海淀区
海淀区
海淀区
海淀区
海淀区
海淀区
海淀区
东城区
东城区
东城区
东城区
朝阳区
朝阳区
朝阳区
朝阳区
朝阳区
朝阳区
朝阳区
大兴区
大兴区
东城区
东城区
东城区
东城区
东城区
朝阳区
朝阳区
朝阳区
朝阳区
朝阳区
朝阳区
朝阳区
朝阳区
朝阳区
朝阳区
大兴区
大兴区
大兴区
大兴区
大兴区
大兴区
朝阳区
朝阳区
朝阳区
朝阳区
朝阳区
海淀区
海淀区
海淀区
海淀区
海淀区
朝阳区
朝阳区
朝阳区
朝阳区
海淀区
海淀区
海淀区
海淀区
海淀区
朝阳区
朝阳区
朝阳区
朝阳区
朝阳区
丰台区
丰台区
丰台区
丰台区
丰台区
房山区
房山区
房山区
房山区
房山区
房山区
朝阳区
朝阳区
朝阳区
朝阳区
朝阳区
门头沟区
门头沟区
石景山区
石景山区
门头沟区
门头沟区
石景山区
石景山区
海淀区
海淀区
海淀区
海淀区
海淀区
朝阳区
朝阳区
朝阳区
朝阳区
大兴区
大兴区
大兴区
大兴区
大兴区
大兴区
大兴区
大兴区
大兴区
大兴区
东城区
东城区
东城区
东城区
东城区
朝阳区
朝阳区
朝阳区
朝阳区
朝阳区
朝阳区
朝阳区
朝阳区
朝阳区
丰台区
丰台区
丰台区
丰台区
丰台区
朝阳区
朝阳区
朝阳区
朝阳区
朝阳区
朝阳区
朝阳区
朝阳区
朝阳区
东城区
东城区
东城区
东城区
朝阳区
朝阳区
朝阳区
朝阳区
朝阳区
朝阳区
朝阳区
朝阳区
朝阳区
朝阳区
朝阳区
朝阳区
朝阳区
朝阳区
朝阳区
朝阳区
朝阳区
朝阳区
朝阳区
朝阳区
朝阳区
朝阳区
朝阳区
朝阳区
大兴区
大兴区
大兴区
大兴区
朝阳区
朝阳区
朝阳区
朝阳区
朝阳区
朝阳区
朝阳区
通州区
通州区
通州区
通州区
通州区
海淀区
海淀区
海淀区
海淀区
海淀区
海淀区
海淀区
海淀区
大兴区
大兴区
大兴区
大兴区
大兴区
朝阳区
朝阳区
朝阳区
朝阳区
朝阳区
朝阳区
朝阳区
朝阳区
房山区
丰台区
丰台区
房山区
房山区
朝阳区
朝阳区
朝阳区
朝阳区
海淀区
海淀区
海淀区
丰台区
丰台区
丰台区
丰台区
丰台区
朝阳区
朝阳区
朝阳区
朝阳区
朝阳区
朝阳区
丰台区
丰台区
丰台区
丰台区
朝阳区
通州区
丰台区
丰台区
丰台区
丰台区
丰台区
昌平区
昌平区
昌平区
昌平区
昌平区
丰台区
丰台区
丰台区
丰台区
通州区
通州区
通州区
通州区
通州区
朝阳区
朝阳区
朝阳区
朝阳区
朝阳区
朝阳区
朝阳区
朝阳区
朝阳区
朝阳区
朝阳区
朝阳区
朝阳区
朝阳区
朝阳区
通州区
通州区
通州区
通州区
朝阳区
朝阳区
朝阳区
朝阳区
朝阳区
朝阳区
朝阳区
朝阳区
朝阳区
东城区
东城区
东城区
东城区
朝阳区
朝阳区
朝阳区
朝阳区
朝阳区
海淀区
海淀区
海淀区
海淀区
海淀区
朝阳区
朝阳区
朝阳区
朝阳区
朝阳区
朝阳区
朝阳区
朝阳区
朝阳区
朝阳区
丰台区
丰台区
丰台区
丰台区
丰台区
朝阳区
朝阳区
朝阳区
朝阳区
朝阳区
朝阳区
朝阳区
朝阳区
朝阳区
朝阳区
丰台区
丰台区
丰台区
丰台区
丰台区
丰台区
丰台区
丰台区
丰台区
丰台区
朝阳区
朝阳区
朝阳区
朝阳区
大兴区
大兴区
大兴区
大兴区
海淀区
海淀区
海淀区
海淀区
朝阳区
朝阳区
朝阳区
朝阳区
朝阳区
朝阳区
朝阳区
朝阳区
朝阳区
朝阳区
海淀区
海淀区
海淀区
海淀区
海淀区
海淀区
海淀区
海淀区
海淀区
海淀区
朝阳区
朝阳区
通州区
通州区
朝阳区
朝阳区
朝阳区
朝阳区
丰台区
丰台区
丰台区
丰台区
丰台区
丰台区
丰台区
大兴区
大兴区
大兴区
东城区
朝阳区
朝阳区
朝阳区
朝阳区
朝阳区
朝阳区
大兴区
大兴区
大兴区
大兴区
朝阳区
朝阳区
朝阳区
朝阳区
大兴区
丰台区
丰台区
丰台区
丰台区
朝阳区
朝阳区
朝阳区
朝阳区
朝阳区
朝阳区
朝阳区
朝阳区
朝阳区
朝阳区
朝阳区
朝阳区
丰台区
丰台区
丰台区
丰台区
石景山区
石景山区
丰台区
丰台区
丰台区
丰台区
丰台区
朝阳区
朝阳区
朝阳区
朝阳区
朝阳区
朝阳区
朝阳区
朝阳区
朝阳区
朝阳区
朝阳区
朝阳区
朝阳区
朝阳区
朝阳区
朝阳区
朝阳区
朝阳区
东城区
东城区
朝阳区
朝阳区
东城区
东城区
东城区
朝阳区
朝阳区
东城区
丰台区
丰台区
丰台区
丰台区
丰台区
朝阳区
丰台区
丰台区
丰台区
丰台区
丰台区
朝阳区
朝阳区
朝阳区
朝阳区
朝阳区
丰台区
丰台区
丰台区
丰台区
东城区
东城区
朝阳区
朝阳区
朝阳区
朝阳区
朝阳区
朝阳区
朝阳区
朝阳区
朝阳区
朝阳区
昌平区
海淀区
昌平区
海淀区
海淀区
昌平区
昌平区
昌平区
昌平区
昌平区
朝阳区
朝阳区
朝阳区
朝阳区
丰台区
丰台区
丰台区
丰台区
朝阳区
朝阳区
朝阳区
朝阳区
朝阳区
朝阳区
朝阳区
朝阳区
朝阳区
朝阳区
朝阳区
朝阳区
朝阳区
朝阳区
朝阳区
朝阳区
丰台区
丰台区
丰台区
丰台区
丰台区
丰台区
丰台区
丰台区
丰台区
丰台区
朝阳区
朝阳区
朝阳区
朝阳区
朝阳区
朝阳区
朝阳区
朝阳区
丰台区
丰台区
丰台区
丰台区
丰台区
朝阳区
朝阳区
朝阳区
朝阳区
朝阳区
朝阳区
朝阳区
朝阳区
朝阳区
丰台区
丰台区
丰台区
丰台区
丰台区
丰台区
丰台区
丰台区
丰台区
丰台区
丰台区
丰台区
丰台区
朝阳区
朝阳区
朝阳区
东城区
东城区
东城区
东城区
东城区
东城区
丰台区
丰台区
丰台区
丰台区
丰台区
通州区
通州区
通州区
通州区
朝阳区
朝阳区
通州区
丰台区
丰台区
丰台区
丰台区
海淀区
海淀区
海淀区
丰台区
丰台区
丰台区
丰台区
丰台区
朝阳区
朝阳区
朝阳区
朝阳区
朝阳区
丰台区
丰台区
丰台区
东城区
东城区
东城区
东城区
丰台区
丰台区
丰台区
丰台区
丰台区
朝阳区
朝阳区
朝阳区
朝阳区
朝阳区
大兴区
大兴区
大兴区
大兴区
大兴区
朝阳区
朝阳区
朝阳区
朝阳区
丰台区
朝阳区
丰台区
朝阳区
朝阳区
海淀区
海淀区
海淀区
海淀区
海淀区
昌平区
昌平区
昌平区
昌平区
丰台区
丰台区
丰台区
丰台区
丰台区
丰台区
丰台区
丰台区
丰台区
朝阳区
朝阳区
朝阳区
朝阳区
朝阳区
朝阳区
朝阳区
朝阳区
丰台区
丰台区
丰台区
丰台区
海淀区
海淀区
海淀区
海淀区
丰台区
丰台区
丰台区
丰台区
丰台区
朝阳区
朝阳区
朝阳区
朝阳区
大兴区
朝阳区
朝阳区
朝阳区
朝阳区
东城区
东城区
东城区
东城区
东城区
朝阳区
朝阳区
朝阳区
朝阳区
朝阳区
朝阳区
朝阳区
朝阳区
朝阳区
东城区
东城区
东城区
东城区
东城区
通州区
通州区
通州区
通州区
通州区
海淀区
昌平区
房山区
房山区
房山区
朝阳区
朝阳区
朝阳区
朝阳区
朝阳区
朝阳区
朝阳区
朝阳区
朝阳区
朝阳区
朝阳区
朝阳区
朝阳区
朝阳区
朝阳区
朝阳区
朝阳区
海淀区
海淀区
海淀区
海淀区
海淀区
朝阳区
朝阳区
朝阳区
朝阳区
朝阳区
朝阳区
朝阳区
朝阳区
朝阳区
朝阳区
朝阳区
朝阳区
朝阳区
朝阳区
朝阳区
朝阳区
朝阳区
朝阳区
朝阳区
东城区
海淀区
朝阳区
朝阳区
朝阳区
朝阳区
朝阳区
朝阳区
朝阳区
朝阳区
通州区
通州区
通州区
通州区
朝阳区
朝阳区
朝阳区
朝阳区
朝阳区
丰台区
丰台区
丰台区
丰台区
丰台区
东城区
西城区
西城区
西城区
东城区
西城区
西城区
西城区
朝阳区
朝阳区
朝阳区
朝阳区
朝阳区
朝阳区
东城区
东城区
东城区
朝阳区
朝阳区
朝阳区
朝阳区
大兴区
丰台区
丰台区
丰台区
丰台区
大兴区
丰台区
丰台区
丰台区
丰台区
朝阳区
朝阳区
朝阳区
朝阳区
朝阳区
东城区
东城区
东城区
东城区
朝阳区
朝阳区
朝阳区
朝阳区
朝阳区
朝阳区
石景山区
石景山区
石景山区
石景山区
石景山区
朝阳区
朝阳区
朝阳区
朝阳区
朝阳区
朝阳区
朝阳区
朝阳区
朝阳区
朝阳区
通州区
通州区
通州区
通州区
通州区
通州区
通州区
通州区
门头沟区
门头沟区
门头沟区
门头沟区
门头沟区
东城区
东城区
东城区
东城区
朝阳区
朝阳区
朝阳区
朝阳区
朝阳区
朝阳区
朝阳区
昌平区
朝阳区
朝阳区
朝阳区
朝阳区
朝阳区
朝阳区
朝阳区
丰台区
丰台区
丰台区
丰台区
朝阳区
朝阳区
朝阳区
丰台区
丰台区
丰台区
丰台区
朝阳区
朝阳区
朝阳区
朝阳区
朝阳区
朝阳区
朝阳区
朝阳区
朝阳区
朝阳区
朝阳区
朝阳区
朝阳区
朝阳区
东城区
东城区
东城区
东城区
丰台区
丰台区
丰台区
丰台区
昌平区
昌平区
昌平区
朝阳区
东城区
丰台区
丰台区
丰台区
丰台区
丰台区
通州区
通州区
通州区
通州区
通州区
朝阳区
东城区
东城区
海淀区
丰台区
朝阳区
朝阳区
朝阳区
房山区
房山区
房山区
大兴区
大兴区
大兴区
大兴区
大兴区
朝阳区
朝阳区
朝阳区
朝阳区
朝阳区
丰台区
丰台区
丰台区
丰台区
丰台区
丰台区
丰台区
丰台区
西城区
西城区
西城区
西城区
西城区
丰台区
丰台区
丰台区
朝阳区
朝阳区
朝阳区
朝阳区
丰台区
丰台区
丰台区
丰台区
丰台区
通州区
通州区
通州区
通州区
通州区
通州区
朝阳区
朝阳区
朝阳区
朝阳区
朝阳区
朝阳区
朝阳区
丰台区
丰台区
丰台区
朝阳区
朝阳区
朝阳区
朝阳区
朝阳区
丰台区
丰台区
东城区
东城区
东城区
东城区
东城区
东城区
东城区
东城区
东城区
东城区
丰台区
丰台区
丰台区
丰台区
西城区
西城区
西城区
西城区
朝阳区
朝阳区
朝阳区
朝阳区
朝阳区
丰台区
丰台区
丰台区
海淀区
海淀区
朝阳区
朝阳区
朝阳区
朝阳区
通州区
通州区
通州区
通州区
通州区
东城区
西城区
西城区
西城区
西城区
朝阳区
朝阳区
朝阳区
朝阳区
朝阳区
丰台区
丰台区
丰台区
丰台区
朝阳区
朝阳区
朝阳区
朝阳区
朝阳区
朝阳区
朝阳区
朝阳区
朝阳区
昌平区
海淀区
海淀区
海淀区
海淀区
丰台区
丰台区
丰台区
丰台区
丰台区
丰台区
丰台区
丰台区
丰台区
丰台区
丰台区
丰台区
丰台区
丰台区
西城区
西城区
西城区
西城区
西城区
东城区
东城区
东城区
东城区
东城区
东城区
东城区
东城区
东城区
东城区
西城区
西城区
西城区
西城区
西城区
朝阳区
朝阳区
朝阳区
朝阳区
丰台区
丰台区
丰台区
丰台区
丰台区
丰台区
丰台区
丰台区
丰台区
丰台区
朝阳区
朝阳区
朝阳区
朝阳区
朝阳区
朝阳区
朝阳区
朝阳区
朝阳区
朝阳区
朝阳区
朝阳区
朝阳区
朝阳区
朝阳区
朝阳区
朝阳区
朝阳区
朝阳区
朝阳区
丰台区
丰台区
丰台区
丰台区
朝阳区
朝阳区
朝阳区
朝阳区
朝阳区
朝阳区
丰台区
丰台区
丰台区
丰台区
丰台区
海淀区
海淀区
海淀区
海淀区
丰台区
丰台区
丰台区
丰台区
朝阳区
朝阳区
朝阳区
东城区
东城区
东城区
通州区
通州区
朝阳区
朝阳区
朝阳区
通州区
通州区
通州区
通州区
丰台区
丰台区
丰台区
朝阳区
朝阳区
朝阳区
朝阳区
海淀区
海淀区
海淀区
海淀区
海淀区
朝阳区
东城区
东城区
朝阳区
朝阳区
朝阳区
朝阳区
朝阳区
朝阳区
朝阳区
朝阳区
朝阳区
丰台区
丰台区
丰台区
丰台区
丰台区
丰台区
丰台区
丰台区
丰台区
丰台区
丰台区
朝阳区
朝阳区
朝阳区
朝阳区
朝阳区
朝阳区
朝阳区
朝阳区
朝阳区
朝阳区
朝阳区
朝阳区
朝阳区
朝阳区
朝阳区
朝阳区
房山区
房山区
房山区
房山区
朝阳区
朝阳区
朝阳区
朝阳区
石景山区
石景山区
朝阳区
朝阳区
朝阳区
顺义区
昌平区
昌平区
昌平区
昌平区
朝阳区
朝阳区
朝阳区
朝阳区
朝阳区
通州区
朝阳区
朝阳区
朝阳区
朝阳区
朝阳区
西城区
东城区
东城区
东城区
东城区
朝阳区
朝阳区
朝阳区
朝阳区
丰台区
丰台区
丰台区
丰台区
丰台区
丰台区
丰台区
丰台区
丰台区
丰台区
丰台区
丰台区
朝阳区
朝阳区
朝阳区
朝阳区
朝阳区
朝阳区
丰台区
丰台区
丰台区
丰台区
朝阳区
朝阳区
朝阳区
朝阳区
朝阳区
朝阳区
朝阳区
朝阳区
朝阳区
朝阳区
朝阳区
朝阳区
朝阳区
朝阳区
朝阳区
朝阳区
朝阳区
朝阳区
朝阳区
朝阳区
朝阳区
朝阳区
朝阳区
东城区
东城区
东城区
东城区
东城区
朝阳区
朝阳区
朝阳区
丰台区
丰台区
丰台区
丰台区
丰台区
丰台区
丰台区
丰台区
丰台区
丰台区
朝阳区
朝阳区
朝阳区
朝阳区
朝阳区
海淀区
海淀区
海淀区
海淀区
朝阳区
朝阳区
朝阳区
朝阳区
朝阳区
朝阳区
朝阳区
朝阳区
朝阳区
朝阳区
朝阳区
朝阳区
朝阳区
朝阳区
朝阳区
朝阳区
朝阳区
朝阳区
朝阳区
朝阳区
朝阳区
朝阳区
朝阳区
朝阳区
朝阳区
朝阳区
通州区
通州区
通州区
朝阳区
朝阳区
朝阳区
通州区
通州区
通州区
通州区
通州区
朝阳区
朝阳区
朝阳区
朝阳区
通州区
通州区
通州区
通州区
通州区
通州区
通州区
通州区
通州区
通州区
朝阳区
朝阳区
朝阳区
朝阳区
朝阳区
朝阳区
房山区
房山区
房山区
房山区
大兴区
大兴区
房山区
房山区
房山区
房山区
通州区
通州区
通州区
通州区
通州区
丰台区
丰台区
丰台区
西城区
西城区
丰台区
丰台区
丰台区
丰台区
丰台区
丰台区
丰台区
海淀区
西城区
西城区
西城区
朝阳区
朝阳区
朝阳区
朝阳区
朝阳区
朝阳区
东城区
西城区
西城区
西城区
西城区
西城区
西城区
西城区
西城区
西城区
朝阳区
朝阳区
朝阳区
朝阳区
朝阳区
朝阳区
朝阳区
朝阳区
朝阳区
朝阳区
朝阳区
朝阳区
朝阳区
朝阳区
朝阳区
朝阳区
丰台区
丰台区
丰台区
丰台区
门头沟区
门头沟区
门头沟区
朝阳区
丰台区
朝阳区
丰台区
海淀区
海淀区
海淀区
海淀区
大兴区
大兴区
大兴区
大兴区
朝阳区
朝阳区
朝阳区
朝阳区
朝阳区
朝阳区
朝阳区
海淀区
海淀区
海淀区
海淀区
海淀区
朝阳区
朝阳区
朝阳区
朝阳区
朝阳区
朝阳区
朝阳区
朝阳区
朝阳区
大兴区
大兴区
大兴区
大兴区
大兴区
海淀区
海淀区
海淀区
海淀区
海淀区
朝阳区
海淀区
朝阳区
海淀区
大兴区
大兴区
大兴区
大兴区
大兴区
西城区
西城区
海淀区
西城区
海淀区
朝阳区
朝阳区
朝阳区
朝阳区
朝阳区
朝阳区
朝阳区
朝阳区
朝阳区
朝阳区
朝阳区
朝阳区
朝阳区
大兴区
大兴区
大兴区
大兴区
昌平区
昌平区
昌平区
昌平区
海淀区
海淀区
海淀区
海淀区
海淀区
海淀区
海淀区
海淀区
海淀区
海淀区
海淀区
海淀区
海淀区
海淀区
朝阳区
朝阳区
朝阳区
朝阳区
朝阳区
朝阳区
朝阳区
朝阳区
朝阳区
朝阳区
朝阳区
朝阳区
朝阳区
朝阳区
朝阳区
朝阳区
朝阳区
朝阳区
朝阳区
朝阳区
朝阳区
丰台区
丰台区
丰台区
丰台区
丰台区
丰台区
丰台区
丰台区
东城区
东城区
东城区
西城区
通州区
通州区
通州区
通州区
通州区
丰台区
丰台区
丰台区
丰台区
东城区
丰台区
丰台区
丰台区
丰台区
东城区
朝阳区
朝阳区
朝阳区
朝阳区
朝阳区
朝阳区
朝阳区
朝阳区
朝阳区
东城区
东城区
东城区
东城区
昌平区
朝阳区
东城区
东城区
东城区
朝阳区
朝阳区
朝阳区
朝阳区
朝阳区
朝阳区
朝阳区
朝阳区
朝阳区
朝阳区
朝阳区
朝阳区
朝阳区
朝阳区
朝阳区
朝阳区
朝阳区
顺义区
顺义区
顺义区
朝阳区
丰台区
丰台区
丰台区
丰台区
丰台区
海淀区
海淀区
海淀区
海淀区
朝阳区
朝阳区
东城区
东城区
朝阳区
朝阳区
朝阳区
朝阳区
丰台区
丰台区
丰台区
顺义区
朝阳区
东城区
朝阳区
朝阳区
顺义区
平谷区
朝阳区
朝阳区
朝阳区
朝阳区
朝阳区
朝阳区
朝阳区
朝阳区
朝阳区
朝阳区
朝阳区
朝阳区
朝阳区
朝阳区
朝阳区
朝阳区
朝阳区
朝阳区
朝阳区
丰台区
丰台区
丰台区
朝阳区
朝阳区
朝阳区
朝阳区
朝阳区
朝阳区
朝阳区
朝阳区
朝阳区
朝阳区
朝阳区
朝阳区
朝阳区
朝阳区
东城区
东城区
东城区
东城区
昌平区
昌平区
海淀区
朝阳区
朝阳区
朝阳区
朝阳区
房山区
房山区
房山区
房山区
房山区
朝阳区
东城区
朝阳区
朝阳区
朝阳区
朝阳区
朝阳区
朝阳区
朝阳区
朝阳区
朝阳区
朝阳区
朝阳区
朝阳区
朝阳区
朝阳区
朝阳区
朝阳区
朝阳区
朝阳区
朝阳区
朝阳区
朝阳区
朝阳区
朝阳区
朝阳区
朝阳区
海淀区
海淀区
海淀区
海淀区
海淀区
朝阳区
朝阳区
朝阳区
朝阳区
朝阳区
朝阳区
朝阳区
朝阳区
海淀区
西城区
西城区
西城区
西城区
朝阳区
朝阳区
朝阳区
朝阳区
大兴区
大兴区
朝阳区
朝阳区
朝阳区
朝阳区
朝阳区
朝阳区
朝阳区
朝阳区
朝阳区
朝阳区
朝阳区
朝阳区
朝阳区
朝阳区
朝阳区
朝阳区
朝阳区
朝阳区
朝阳区
朝阳区
海淀区
海淀区
海淀区
海淀区
朝阳区
朝阳区
朝阳区
朝阳区
朝阳区
朝阳区
朝阳区
朝阳区
西城区
西城区
西城区
西城区
朝阳区
朝阳区
朝阳区
朝阳区
朝阳区
朝阳区
朝阳区
朝阳区
朝阳区
朝阳区
朝阳区
朝阳区
朝阳区
朝阳区
朝阳区
朝阳区
西城区
西城区
西城区
西城区
西城区
朝阳区
朝阳区
朝阳区
朝阳区
丰台区
丰台区
石景山区
丰台区
丰台区
石景山区
朝阳区
朝阳区
朝阳区
朝阳区
朝阳区
朝阳区
朝阳区
朝阳区
朝阳区
朝阳区
朝阳区
朝阳区
朝阳区
朝阳区
朝阳区
朝阳区
朝阳区
朝阳区
丰台区
丰台区
丰台区
东城区
朝阳区
朝阳区
朝阳区
朝阳区
朝阳区
朝阳区
朝阳区
朝阳区
朝阳区
朝阳区
朝阳区
朝阳区
朝阳区
朝阳区
朝阳区
朝阳区
朝阳区
朝阳区
朝阳区
朝阳区
朝阳区
东城区
东城区
东城区
东城区
东城区
丰台区
丰台区
丰台区
丰台区
丰台区
东城区
朝阳区
朝阳区
朝阳区
朝阳区
东城区
朝阳区
朝阳区
朝阳区
朝阳区
朝阳区
丰台区
丰台区
丰台区
丰台区
丰台区
丰台区
丰台区
丰台区
丰台区
丰台区
东城区
东城区
朝阳区
朝阳区
朝阳区
丰台区
丰台区
丰台区
丰台区
丰台区
丰台区
丰台区
丰台区
丰台区
丰台区
朝阳区
朝阳区
顺义区
顺义区
顺义区
西城区
西城区
西城区
西城区
丰台区
丰台区
丰台区
丰台区
丰台区
西城区
西城区
西城区
西城区
西城区
海淀区
海淀区
海淀区
海淀区
海淀区
海淀区
海淀区
海淀区
朝阳区
朝阳区
朝阳区
朝阳区
朝阳区
朝阳区
朝阳区
朝阳区
朝阳区
朝阳区
朝阳区
朝阳区
朝阳区
朝阳区
朝阳区
朝阳区
朝阳区
朝阳区
朝阳区
朝阳区
朝阳区
朝阳区
朝阳区
朝阳区
朝阳区
朝阳区
丰台区
东城区
东城区
东城区
东城区
东城区
朝阳区
朝阳区
朝阳区
朝阳区
大兴区
大兴区
大兴区
大兴区
大兴区
大兴区
大兴区
大兴区
朝阳区
朝阳区
朝阳区
朝阳区
东城区
东城区
东城区
东城区
东城区
东城区
东城区
东城区
东城区
东城区
东城区
东城区
东城区
东城区
东城区
丰台区
丰台区
丰台区
丰台区
海淀区
朝阳区
朝阳区
朝阳区
朝阳区
东城区
东城区
东城区
东城区
东城区
东城区
东城区
东城区
东城区
东城区
海淀区
海淀区
朝阳区
朝阳区
朝阳区
通州区
通州区
通州区
通州区
通州区
顺义区
顺义区
丰台区
丰台区
丰台区
丰台区
海淀区
海淀区
海淀区
大兴区
大兴区
大兴区
大兴区
大兴区
大兴区
大兴区
大兴区
大兴区
大兴区
朝阳区
朝阳区
朝阳区
朝阳区
朝阳区
朝阳区
朝阳区
朝阳区
朝阳区
朝阳区
朝阳区
朝阳区
朝阳区
朝阳区
朝阳区
朝阳区
朝阳区
东城区
东城区
东城区
东城区
东城区
朝阳区
朝阳区
朝阳区
朝阳区
朝阳区
朝阳区
朝阳区
朝阳区
朝阳区
朝阳区
朝阳区
朝阳区
朝阳区
朝阳区
朝阳区
朝阳区
朝阳区
朝阳区
朝阳区
朝阳区
朝阳区
朝阳区
朝阳区
朝阳区
朝阳区
朝阳区
朝阳区
朝阳区
朝阳区
朝阳区
朝阳区
朝阳区
朝阳区
通州区
通州区
通州区
通州区
通州区
通州区
通州区
通州区
通州区
通州区
东城区
东城区
东城区
东城区
朝阳区
朝阳区
朝阳区
朝阳区
朝阳区
丰台区
丰台区
丰台区
丰台区
丰台区
丰台区
丰台区
丰台区
通州区
通州区
通州区
大兴区
朝阳区
朝阳区
朝阳区
朝阳区
朝阳区
朝阳区
朝阳区
朝阳区
丰台区
丰台区
丰台区
丰台区
丰台区
丰台区
丰台区
丰台区
丰台区
丰台区
海淀区
海淀区
海淀区
通州区
通州区
通州区
通州区
通州区
通州区
通州区
通州区
东城区
东城区
东城区
大兴区
大兴区
大兴区
大兴区
大兴区
丰台区
丰台区
丰台区
海淀区
海淀区
海淀区
海淀区
朝阳区
朝阳区
朝阳区
朝阳区
西城区
丰台区
大兴区
丰台区
丰台区
丰台区
丰台区
丰台区
丰台区
丰台区
丰台区
朝阳区
朝阳区
朝阳区
朝阳区
朝阳区
朝阳区
朝阳区
朝阳区
朝阳区
朝阳区
丰台区
丰台区
丰台区
丰台区
丰台区
丰台区
丰台区
丰台区
通州区
通州区
通州区
门头沟区
门头沟区
门头沟区
朝阳区
朝阳区
朝阳区
朝阳区
大兴区
丰台区
西城区
海淀区
海淀区
海淀区
海淀区
海淀区
西城区
西城区
西城区
西城区
西城区
海淀区
海淀区
海淀区
海淀区
海淀区
海淀区
海淀区
海淀区
海淀区
海淀区
海淀区
海淀区
海淀区
海淀区
海淀区
海淀区
海淀区
海淀区
海淀区
海淀区
海淀区
海淀区
海淀区
海淀区
朝阳区
朝阳区
朝阳区
朝阳区
朝阳区
丰台区
丰台区
丰台区
丰台区
丰台区
海淀区
海淀区
海淀区
海淀区
海淀区
海淀区
丰台区
丰台区
丰台区
丰台区
丰台区
海淀区
海淀区
海淀区
朝阳区
朝阳区
朝阳区
朝阳区
西城区
海淀区
海淀区
海淀区
海淀区
朝阳区
朝阳区
朝阳区
朝阳区
朝阳区
朝阳区
朝阳区
朝阳区
西城区
西城区
西城区
朝阳区
朝阳区
朝阳区
朝阳区
朝阳区
朝阳区
朝阳区
朝阳区
朝阳区
朝阳区
朝阳区
朝阳区
朝阳区
朝阳区
朝阳区
朝阳区
朝阳区
朝阳区
朝阳区
朝阳区
西城区
东城区
东城区
朝阳区
朝阳区
朝阳区
朝阳区
朝阳区
朝阳区
朝阳区
朝阳区
朝阳区
朝阳区
朝阳区
东城区
朝阳区
朝阳区
朝阳区
朝阳区
朝阳区
朝阳区
朝阳区
朝阳区
朝阳区
东城区
朝阳区
朝阳区
通州区
通州区
通州区
朝阳区
朝阳区
朝阳区
朝阳区
朝阳区
朝阳区
朝阳区
朝阳区
朝阳区
朝阳区
朝阳区
朝阳区
朝阳区
朝阳区
西城区
西城区
西城区
西城区
朝阳区
朝阳区
朝阳区
朝阳区
大兴区
大兴区
大兴区
大兴区
大兴区
大兴区
东城区
东城区
朝阳区
朝阳区
朝阳区
朝阳区
朝阳区
朝阳区
朝阳区
朝阳区
朝阳区
朝阳区
朝阳区
朝阳区
朝阳区
大兴区
大兴区
大兴区
朝阳区
朝阳区
朝阳区
朝阳区
朝阳区
朝阳区
朝阳区
朝阳区
朝阳区
朝阳区
朝阳区
朝阳区
朝阳区
丰台区
丰台区
丰台区
朝阳区
朝阳区
朝阳区
朝阳区
朝阳区
朝阳区
朝阳区
朝阳区
朝阳区
朝阳区
朝阳区
朝阳区
朝阳区
朝阳区
朝阳区
朝阳区
朝阳区
朝阳区
朝阳区
朝阳区
朝阳区
朝阳区
朝阳区
通州区
通州区
通州区
通州区
朝阳区
朝阳区
朝阳区
朝阳区
东城区
东城区
东城区
东城区
东城区
海淀区
海淀区
海淀区
昌平区
昌平区
朝阳区
朝阳区
朝阳区
朝阳区
朝阳区
海淀区
海淀区
海淀区
昌平区
昌平区
朝阳区
朝阳区
朝阳区
朝阳区
海淀区
海淀区
海淀区
海淀区
海淀区
海淀区
海淀区
海淀区
海淀区
海淀区
海淀区
丰台区
西城区
西城区
海淀区
丰台区
西城区
西城区
朝阳区
朝阳区
朝阳区
朝阳区
朝阳区
朝阳区
朝阳区
丰台区
丰台区
丰台区
丰台区
朝阳区
昌平区
昌平区
海淀区
门头沟区
门头沟区
朝阳区
朝阳区
朝阳区
朝阳区
朝阳区
朝阳区
西城区
西城区
西城区
朝阳区
朝阳区
朝阳区
朝阳区
朝阳区
朝阳区
朝阳区
朝阳区
朝阳区
朝阳区
朝阳区
朝阳区
丰台区
丰台区
丰台区
丰台区
海淀区
海淀区
海淀区
海淀区
东城区
东城区
朝阳区
东城区
朝阳区
海淀区
海淀区
海淀区
海淀区
朝阳区
朝阳区
朝阳区
朝阳区
朝阳区
朝阳区
朝阳区
朝阳区
朝阳区
通州区
通州区
通州区
通州区
通州区
通州区
通州区
通州区
通州区
通州区
通州区
通州区
通州区
通州区
通州区
通州区
通州区
通州区
通州区
通州区
通州区
通州区
朝阳区
朝阳区
朝阳区
朝阳区
朝阳区
朝阳区
朝阳区
朝阳区
朝阳区
朝阳区
朝阳区
朝阳区
朝阳区
朝阳区
海淀区
海淀区
海淀区
海淀区
海淀区
朝阳区
朝阳区
朝阳区
朝阳区
朝阳区
朝阳区
朝阳区
朝阳区
朝阳区
朝阳区
朝阳区
朝阳区
朝阳区
朝阳区
朝阳区
密云县
朝阳区
朝阳区
朝阳区
朝阳区
朝阳区
丰台区
丰台区
丰台区
丰台区
东城区
东城区
东城区
东城区
东城区
通州区
通州区
海淀区
海淀区
海淀区
朝阳区
朝阳区
朝阳区
朝阳区
海淀区
海淀区
海淀区
西城区
西城区
西城区
西城区
丰台区
丰台区
丰台区
丰台区
丰台区
东城区
东城区
东城区
东城区
海淀区
丰台区
丰台区
丰台区
丰台区
朝阳区
东城区
东城区
东城区
朝阳区
朝阳区
通州区
通州区
通州区
朝阳区
朝阳区
朝阳区
朝阳区
东城区
东城区
东城区
东城区
东城区
朝阳区
朝阳区
朝阳区
朝阳区
朝阳区
朝阳区
朝阳区
朝阳区
朝阳区
朝阳区
朝阳区
东城区
东城区
东城区
通州区
通州区
通州区
通州区
通州区
通州区
通州区
通州区
丰台区
丰台区
丰台区
丰台区
朝阳区
丰台区
丰台区
丰台区
丰台区
朝阳区
朝阳区
朝阳区
朝阳区
东城区
大兴区
大兴区
大兴区
大兴区
大兴区
朝阳区
朝阳区
朝阳区
丰台区
丰台区
丰台区
东城区
东城区
东城区
东城区
东城区
朝阳区
朝阳区
朝阳区
朝阳区
朝阳区
朝阳区
朝阳区
朝阳区
丰台区
丰台区
丰台区
朝阳区
朝阳区
朝阳区
朝阳区
丰台区
丰台区
丰台区
丰台区
丰台区
朝阳区
朝阳区
朝阳区
朝阳区
朝阳区
朝阳区
朝阳区
朝阳区
朝阳区
朝阳区
朝阳区
海淀区
丰台区
丰台区
丰台区
海淀区
朝阳区
东城区
东城区
东城区
东城区
东城区
海淀区
海淀区
海淀区
海淀区
海淀区
通州区
通州区
通州区
通州区
通州区
海淀区
海淀区
海淀区
海淀区
海淀区
朝阳区
朝阳区
朝阳区
朝阳区
朝阳区
朝阳区
朝阳区
朝阳区
朝阳区
朝阳区
朝阳区
朝阳区
朝阳区
朝阳区
朝阳区
大兴区
大兴区
大兴区
大兴区
通州区
通州区
通州区
通州区
通州区
丰台区
丰台区
丰台区
丰台区
丰台区
朝阳区
朝阳区
朝阳区
丰台区
丰台区
丰台区
丰台区
东城区
东城区
东城区
东城区
东城区
东城区
海淀区
海淀区
海淀区
海淀区
海淀区
朝阳区
朝阳区
朝阳区
朝阳区
海淀区
海淀区
海淀区
海淀区
丰台区
丰台区
丰台区
丰台区
朝阳区
西城区
西城区
西城区
西城区
西城区
朝阳区
朝阳区
朝阳区
朝阳区
海淀区
海淀区
海淀区
海淀区
海淀区
海淀区
朝阳区
朝阳区
朝阳区
朝阳区
朝阳区
朝阳区
朝阳区
朝阳区
朝阳区
朝阳区
朝阳区
朝阳区
朝阳区
朝阳区
朝阳区
朝阳区
朝阳区
朝阳区
朝阳区
朝阳区
朝阳区
朝阳区
朝阳区
朝阳区
海淀区
海淀区
海淀区
海淀区
朝阳区
朝阳区
朝阳区
朝阳区
西城区
西城区
西城区
西城区
西城区
朝阳区
朝阳区
朝阳区
朝阳区
朝阳区
朝阳区
丰台区
丰台区
丰台区
丰台区
朝阳区
朝阳区
朝阳区
西城区
西城区
西城区
西城区
西城区
朝阳区
朝阳区
东城区
朝阳区
东城区
通州区
通州区
通州区
通州区
通州区
朝阳区
朝阳区
朝阳区
朝阳区
朝阳区
通州区
朝阳区
朝阳区
朝阳区
朝阳区
朝阳区
朝阳区
朝阳区
朝阳区
朝阳区
西城区
西城区
西城区
西城区
西城区
西城区
西城区
西城区
西城区
西城区
丰台区
丰台区
丰台区
丰台区
丰台区
丰台区
朝阳区
朝阳区
朝阳区
海淀区
海淀区
海淀区
海淀区
海淀区
昌平区
通州区
通州区
通州区
通州区
通州区
海淀区
东城区
东城区
东城区
朝阳区
朝阳区
朝阳区
海淀区
朝阳区
东城区
东城区
东城区
东城区
朝阳区
朝阳区
朝阳区
朝阳区
丰台区
石景山区
石景山区
石景山区
石景山区
丰台区
石景山区
石景山区
石景山区
石景山区
朝阳区
朝阳区
朝阳区
朝阳区
通州区
通州区
海淀区
朝阳区
朝阳区
朝阳区
海淀区
海淀区
海淀区
海淀区
朝阳区
朝阳区
朝阳区
朝阳区
西城区
西城区
西城区
西城区
西城区
东城区
东城区
东城区
西城区
西城区
海淀区
海淀区
海淀区
海淀区
海淀区
朝阳区
朝阳区
朝阳区
朝阳区
朝阳区
通州区
通州区
朝阳区
朝阳区
朝阳区
朝阳区
丰台区
丰台区
丰台区
丰台区
丰台区
丰台区
丰台区
丰台区
丰台区
丰台区
丰台区
丰台区
丰台区
丰台区
丰台区
丰台区
丰台区
丰台区
丰台区
丰台区
丰台区
丰台区
丰台区
丰台区
丰台区
丰台区
丰台区
丰台区
丰台区
丰台区
丰台区
朝阳区
朝阳区
朝阳区
朝阳区
朝阳区
朝阳区
朝阳区
朝阳区
丰台区
丰台区
朝阳区
丰台区
丰台区
朝阳区
朝阳区
丰台区
丰台区
朝阳区
丰台区
丰台区
丰台区
丰台区
丰台区
丰台区
东城区
东城区
东城区
东城区
海淀区
海淀区
海淀区
海淀区
海淀区
朝阳区
朝阳区
朝阳区
朝阳区
海淀区
朝阳区
朝阳区
朝阳区
朝阳区
朝阳区
朝阳区
朝阳区
通州区
通州区
通州区
通州区
朝阳区
通州区
通州区
通州区
通州区
朝阳区
朝阳区
朝阳区
朝阳区
顺义区
朝阳区
海淀区
海淀区
海淀区
海淀区
海淀区
海淀区
海淀区
海淀区
海淀区
海淀区
海淀区
海淀区
海淀区
海淀区
大兴区
大兴区
大兴区
大兴区
朝阳区
朝阳区
朝阳区
朝阳区
朝阳区
朝阳区
朝阳区
东城区
东城区
东城区
西城区
西城区
西城区
西城区
西城区
西城区
西城区
西城区
西城区
西城区
西城区
西城区
西城区
西城区
西城区
西城区
朝阳区
朝阳区
朝阳区
朝阳区
海淀区
海淀区
海淀区
海淀区
海淀区
东城区
东城区
朝阳区
东城区
东城区
东城区
东城区
海淀区
海淀区
海淀区
海淀区
海淀区
朝阳区
朝阳区
朝阳区
朝阳区
朝阳区
西城区
西城区
西城区
西城区
东城区
东城区
东城区
东城区
朝阳区
朝阳区
朝阳区
朝阳区
朝阳区
朝阳区
朝阳区
朝阳区
朝阳区
东城区
东城区
东城区
东城区
东城区
朝阳区
朝阳区
朝阳区
朝阳区
朝阳区
朝阳区
朝阳区
朝阳区
朝阳区
朝阳区
朝阳区
朝阳区
朝阳区
朝阳区
朝阳区
朝阳区
朝阳区
朝阳区
丰台区
朝阳区
朝阳区
朝阳区
丰台区
朝阳区
朝阳区
朝阳区
朝阳区
海淀区
海淀区
海淀区
昌平区
通州区
通州区
通州区
通州区
海淀区
海淀区
海淀区
海淀区
海淀区
东城区
东城区
东城区
东城区
东城区
朝阳区
朝阳区
朝阳区
朝阳区
朝阳区
朝阳区
朝阳区
朝阳区
朝阳区
朝阳区
海淀区
海淀区
海淀区
海淀区
海淀区
东城区
东城区
东城区
东城区
朝阳区
朝阳区
朝阳区
朝阳区
朝阳区
东城区
东城区
东城区
东城区
丰台区
丰台区
丰台区
丰台区
朝阳区
朝阳区
朝阳区
朝阳区
朝阳区
朝阳区
朝阳区
朝阳区
朝阳区
朝阳区
东城区
东城区
东城区
东城区
东城区
东城区
东城区
丰台区
丰台区
丰台区
丰台区
东城区
东城区
东城区
东城区
东城区
东城区
东城区
东城区
东城区
东城区
朝阳区
朝阳区
朝阳区
朝阳区
朝阳区
朝阳区
通州区
通州区
通州区
通州区
朝阳区
通州区
通州区
通州区
朝阳区
朝阳区
朝阳区
朝阳区
朝阳区
朝阳区
东城区
东城区
东城区
东城区
朝阳区
朝阳区
朝阳区
朝阳区
大兴区
大兴区
大兴区
大兴区
大兴区
朝阳区
朝阳区
朝阳区
朝阳区
朝阳区
朝阳区
朝阳区
朝阳区
朝阳区
朝阳区
朝阳区
朝阳区
朝阳区
朝阳区
朝阳区
朝阳区
朝阳区
朝阳区
大兴区
大兴区
大兴区
大兴区
大兴区
大兴区
大兴区
大兴区
大兴区
东城区
东城区
东城区
朝阳区
海淀区
海淀区
海淀区
海淀区
西城区
朝阳区
朝阳区
朝阳区
朝阳区
东城区
东城区
东城区
东城区
东城区
朝阳区
朝阳区
大兴区
大兴区
大兴区
朝阳区
朝阳区
朝阳区
通州区
通州区
通州区
朝阳区
朝阳区
朝阳区
朝阳区
朝阳区
昌平区
昌平区
朝阳区
朝阳区
朝阳区
朝阳区
朝阳区
朝阳区
朝阳区
朝阳区
朝阳区
朝阳区
朝阳区
朝阳区
朝阳区
朝阳区
朝阳区
朝阳区
朝阳区
朝阳区
朝阳区
朝阳区
朝阳区
朝阳区
朝阳区
朝阳区
朝阳区
朝阳区
朝阳区
朝阳区
朝阳区
朝阳区
朝阳区
朝阳区
朝阳区
朝阳区
朝阳区
朝阳区
朝阳区
朝阳区
朝阳区
朝阳区
朝阳区
朝阳区
朝阳区
朝阳区
朝阳区
朝阳区
朝阳区
朝阳区
朝阳区
朝阳区
朝阳区
朝阳区
朝阳区
朝阳区
朝阳区
丰台区
丰台区
丰台区
丰台区
丰台区
丰台区
丰台区
丰台区
丰台区
朝阳区
朝阳区
朝阳区
朝阳区
朝阳区
朝阳区
朝阳区
朝阳区
朝阳区
朝阳区
朝阳区
朝阳区
朝阳区
朝阳区
朝阳区
朝阳区
朝阳区
朝阳区
朝阳区
朝阳区
通州区
通州区
通州区
通州区
通州区
通州区
通州区
朝阳区
朝阳区
朝阳区
朝阳区
朝阳区
朝阳区
朝阳区
朝阳区
朝阳区
朝阳区
朝阳区
朝阳区
朝阳区
朝阳区
朝阳区
朝阳区
朝阳区
朝阳区
朝阳区
朝阳区
朝阳区
朝阳区
朝阳区
东城区
朝阳区
朝阳区
朝阳区
朝阳区
朝阳区
朝阳区
朝阳区
朝阳区
朝阳区
朝阳区
朝阳区
朝阳区
朝阳区
朝阳区
朝阳区
朝阳区
朝阳区
东城区
朝阳区
朝阳区
朝阳区
朝阳区
朝阳区
朝阳区
朝阳区
朝阳区
朝阳区
朝阳区
朝阳区
东城区
朝阳区
朝阳区
朝阳区
朝阳区
朝阳区
朝阳区
朝阳区
朝阳区
西城区
西城区
朝阳区
朝阳区
朝阳区
朝阳区
朝阳区
朝阳区
朝阳区
朝阳区
朝阳区
朝阳区
朝阳区
朝阳区
朝阳区
朝阳区
朝阳区
海淀区
海淀区
通州区
通州区
通州区
通州区
通州区
通州区
通州区
通州区
通州区
通州区
朝阳区
朝阳区
朝阳区
朝阳区
朝阳区
朝阳区
朝阳区
朝阳区
朝阳区
海淀区
海淀区
海淀区
海淀区
朝阳区
朝阳区
朝阳区
朝阳区
朝阳区
朝阳区
朝阳区
朝阳区
朝阳区
朝阳区
朝阳区
朝阳区
朝阳区
朝阳区
朝阳区
朝阳区
朝阳区
朝阳区
朝阳区
朝阳区
西城区
西城区
西城区
海淀区
海淀区
海淀区
海淀区
通州区
通州区
通州区
通州区
通州区
海淀区
海淀区
海淀区
海淀区
海淀区
朝阳区
朝阳区
朝阳区
朝阳区
昌平区
昌平区
昌平区
昌平区
昌平区
朝阳区
朝阳区
朝阳区
朝阳区
朝阳区
朝阳区
朝阳区
朝阳区
朝阳区
朝阳区
朝阳区
朝阳区
朝阳区
海淀区
海淀区
海淀区
海淀区
海淀区
海淀区
朝阳区
海淀区
朝阳区
海淀区
朝阳区
朝阳区
海淀区
朝阳区
海淀区
朝阳区
海淀区
海淀区
海淀区
昌平区
朝阳区
朝阳区
海淀区
海淀区
海淀区
朝阳区
朝阳区
朝阳区
朝阳区
东城区
朝阳区
朝阳区
朝阳区
朝阳区
朝阳区
朝阳区
朝阳区
朝阳区
朝阳区
朝阳区
朝阳区
朝阳区
朝阳区
朝阳区
朝阳区
朝阳区
朝阳区
朝阳区
朝阳区
丰台区
丰台区
丰台区
丰台区
大兴区
大兴区
大兴区
东城区
东城区
东城区
东城区
东城区
朝阳区
朝阳区
朝阳区
朝阳区
朝阳区
朝阳区
朝阳区
朝阳区
朝阳区
朝阳区
朝阳区
朝阳区
朝阳区
朝阳区
朝阳区
朝阳区
朝阳区
朝阳区
朝阳区
朝阳区
朝阳区
朝阳区
朝阳区
朝阳区
朝阳区
海淀区
海淀区
海淀区
海淀区
东城区
东城区
朝阳区
朝阳区
朝阳区
朝阳区
朝阳区
朝阳区
朝阳区
朝阳区
朝阳区
朝阳区
朝阳区
朝阳区
朝阳区
朝阳区
朝阳区
朝阳区
朝阳区
通州区
通州区
通州区
通州区
通州区
通州区
通州区
通州区
通州区
通州区
朝阳区
朝阳区
朝阳区
朝阳区
朝阳区
朝阳区
朝阳区
朝阳区
朝阳区
朝阳区
朝阳区
朝阳区
朝阳区
朝阳区
朝阳区
朝阳区
朝阳区
朝阳区
朝阳区
朝阳区
朝阳区
朝阳区
朝阳区
东城区
朝阳区
丰台区
丰台区
丰台区
丰台区
丰台区
朝阳区
朝阳区
朝阳区
朝阳区
朝阳区
朝阳区
朝阳区
朝阳区
朝阳区
朝阳区
朝阳区
朝阳区
朝阳区
朝阳区
朝阳区
朝阳区
朝阳区
朝阳区
朝阳区
朝阳区
朝阳区
朝阳区
通州区
通州区
通州区
朝阳区
朝阳区
通州区
通州区
通州区
朝阳区
朝阳区
朝阳区
朝阳区
朝阳区
朝阳区
朝阳区
海淀区
海淀区
海淀区
海淀区
海淀区
朝阳区
朝阳区
朝阳区
朝阳区
朝阳区
朝阳区
朝阳区
朝阳区
大兴区
大兴区
海淀区
海淀区
海淀区
海淀区
朝阳区
东城区
朝阳区
东城区
朝阳区
东城区
朝阳区
东城区
昌平区
昌平区
昌平区
昌平区
朝阳区
昌平区
昌平区
通州区
通州区
通州区
通州区
通州区
通州区
通州区
通州区
朝阳区
朝阳区
朝阳区
朝阳区
朝阳区
朝阳区
朝阳区
朝阳区
朝阳区
朝阳区
朝阳区
朝阳区
朝阳区
朝阳区
朝阳区
朝阳区
朝阳区
朝阳区
朝阳区
朝阳区
朝阳区
朝阳区
朝阳区
朝阳区
朝阳区
丰台区
丰台区
丰台区
丰台区
丰台区
朝阳区
东城区
朝阳区
东城区
朝阳区
朝阳区
丰台区
丰台区
丰台区
丰台区
丰台区
丰台区
丰台区
丰台区
丰台区
丰台区
丰台区
东城区
海淀区
海淀区
海淀区
朝阳区
朝阳区
东城区
东城区
朝阳区
东城区
东城区
房山区
朝阳区
朝阳区
朝阳区
朝阳区
朝阳区
朝阳区
朝阳区
朝阳区
朝阳区
朝阳区
朝阳区
朝阳区
朝阳区
朝阳区
朝阳区
朝阳区
朝阳区
朝阳区
朝阳区
朝阳区
朝阳区
朝阳区
朝阳区
朝阳区
朝阳区
朝阳区
朝阳区
朝阳区
朝阳区
朝阳区
朝阳区
朝阳区
朝阳区
朝阳区
朝阳区
朝阳区
朝阳区
朝阳区
朝阳区
朝阳区
朝阳区
朝阳区
朝阳区
朝阳区
朝阳区
朝阳区
东城区
东城区
东城区
朝阳区
朝阳区
朝阳区
东城区
东城区
东城区
东城区
东城区
丰台区
丰台区
东城区
东城区
丰台区
丰台区
东城区
东城区
丰台区
丰台区
丰台区
丰台区
丰台区
丰台区
丰台区
丰台区
丰台区
丰台区
大兴区
大兴区
朝阳区
朝阳区
朝阳区
朝阳区
朝阳区
朝阳区
朝阳区
朝阳区
朝阳区
朝阳区
朝阳区
朝阳区
朝阳区
朝阳区
朝阳区
朝阳区
朝阳区
朝阳区
朝阳区
朝阳区
朝阳区
朝阳区
朝阳区
朝阳区
朝阳区
朝阳区
朝阳区
朝阳区
朝阳区
朝阳区
朝阳区
昌平区
昌平区
昌平区
昌平区
昌平区
朝阳区
朝阳区
朝阳区
朝阳区
朝阳区
朝阳区
朝阳区
朝阳区
朝阳区
朝阳区
朝阳区
朝阳区
朝阳区
朝阳区
朝阳区
朝阳区
朝阳区
朝阳区
朝阳区
海淀区
海淀区
海淀区
海淀区
朝阳区
朝阳区
朝阳区
朝阳区
朝阳区
朝阳区
朝阳区
朝阳区
朝阳区
朝阳区
朝阳区
通州区
通州区
通州区
通州区
丰台区
丰台区
丰台区
朝阳区
朝阳区
朝阳区
朝阳区
朝阳区
朝阳区
朝阳区
朝阳区
朝阳区
大兴区
大兴区
大兴区
大兴区
大兴区
大兴区
大兴区
大兴区
大兴区
大兴区
朝阳区
朝阳区
丰台区
丰台区
丰台区
朝阳区
朝阳区
朝阳区
朝阳区
海淀区
海淀区
昌平区
朝阳区
朝阳区
朝阳区
朝阳区
昌平区
昌平区
朝阳区
朝阳区
朝阳区
朝阳区
朝阳区
东城区
朝阳区
东城区
东城区
朝阳区
朝阳区
朝阳区
朝阳区
朝阳区
朝阳区
朝阳区
朝阳区
朝阳区
朝阳区
朝阳区
朝阳区
朝阳区
朝阳区
西城区
朝阳区
朝阳区
朝阳区
大兴区
大兴区
大兴区
大兴区
丰台区
丰台区
丰台区
丰台区
丰台区
东城区
东城区
东城区
东城区
东城区
海淀区
海淀区
海淀区
海淀区
海淀区
海淀区
海淀区
海淀区
海淀区
海淀区
海淀区
海淀区
海淀区
海淀区
海淀区
朝阳区
朝阳区
朝阳区
朝阳区
朝阳区
朝阳区
朝阳区
朝阳区
朝阳区
朝阳区
朝阳区
朝阳区
朝阳区
朝阳区
朝阳区
朝阳区
朝阳区
朝阳区
丰台区
丰台区
丰台区
海淀区
海淀区
朝阳区
朝阳区
朝阳区
朝阳区
朝阳区
西城区
西城区
西城区
西城区
朝阳区
朝阳区
朝阳区
朝阳区
朝阳区
朝阳区
朝阳区
朝阳区
朝阳区
朝阳区
朝阳区
朝阳区
朝阳区
朝阳区
丰台区
朝阳区
朝阳区
朝阳区
丰台区
朝阳区
朝阳区
朝阳区
朝阳区
朝阳区
朝阳区
朝阳区
朝阳区
朝阳区
朝阳区
朝阳区
朝阳区
朝阳区
朝阳区
朝阳区
朝阳区
朝阳区
朝阳区
丰台区
丰台区
丰台区
丰台区
海淀区
海淀区
海淀区
丰台区
丰台区
丰台区
丰台区
丰台区
大兴区
大兴区
大兴区
朝阳区
朝阳区
朝阳区
朝阳区
朝阳区
朝阳区
朝阳区
朝阳区
朝阳区
大兴区
大兴区
大兴区
朝阳区
朝阳区
朝阳区
朝阳区
朝阳区
朝阳区
东城区
东城区
东城区
朝阳区
朝阳区
朝阳区
朝阳区
朝阳区
朝阳区
朝阳区
朝阳区
朝阳区
朝阳区
海淀区
海淀区
海淀区
朝阳区
朝阳区
朝阳区
朝阳区
朝阳区
朝阳区
朝阳区
朝阳区
朝阳区
朝阳区
朝阳区
朝阳区
朝阳区
朝阳区
海淀区
海淀区
海淀区
海淀区
海淀区
朝阳区
昌平区
朝阳区
朝阳区
西城区
西城区
海淀区
朝阳区
朝阳区
朝阳区
朝阳区
大兴区
大兴区
大兴区
大兴区
大兴区
通州区
朝阳区
朝阳区
朝阳区
朝阳区
朝阳区
朝阳区
朝阳区
朝阳区
朝阳区
朝阳区
朝阳区
朝阳区
朝阳区
朝阳区
朝阳区
朝阳区
朝阳区
朝阳区
朝阳区
朝阳区
朝阳区
朝阳区
朝阳区
朝阳区
朝阳区
朝阳区
朝阳区
朝阳区
朝阳区
朝阳区
朝阳区
朝阳区
朝阳区
朝阳区
朝阳区
朝阳区
朝阳区
朝阳区
朝阳区
朝阳区
朝阳区
朝阳区
朝阳区
朝阳区
朝阳区
朝阳区
朝阳区
丰台区
丰台区
丰台区
丰台区
朝阳区
朝阳区
东城区
东城区
东城区
丰台区
丰台区
丰台区
丰台区
丰台区
丰台区
丰台区
丰台区
丰台区
朝阳区
东城区
朝阳区
东城区
朝阳区
东城区
朝阳区
东城区
朝阳区
朝阳区
朝阳区
朝阳区
通州区
通州区
通州区
通州区
大兴区
大兴区
大兴区
大兴区
大兴区
朝阳区
大兴区
大兴区
大兴区
昌平区
朝阳区
大兴区
大兴区
大兴区
昌平区
大兴区
大兴区
大兴区
昌平区
昌平区
朝阳区
朝阳区
朝阳区
朝阳区
朝阳区
朝阳区
朝阳区
朝阳区
朝阳区
朝阳区
朝阳区
朝阳区
朝阳区
朝阳区
大兴区
大兴区
大兴区
大兴区
大兴区
大兴区
大兴区
大兴区
朝阳区
朝阳区
朝阳区
朝阳区
朝阳区
朝阳区
朝阳区
朝阳区
朝阳区
朝阳区
朝阳区
朝阳区
朝阳区
朝阳区
丰台区
丰台区
丰台区
朝阳区
朝阳区
朝阳区
朝阳区
朝阳区
朝阳区
朝阳区
朝阳区
朝阳区
朝阳区
朝阳区
朝阳区
朝阳区
朝阳区
朝阳区
朝阳区
朝阳区
朝阳区
丰台区
东城区
东城区
朝阳区
朝阳区
朝阳区
朝阳区
朝阳区
朝阳区
房山区
房山区
房山区
房山区
房山区
丰台区
丰台区
丰台区
丰台区
丰台区
丰台区
丰台区
丰台区
朝阳区
朝阳区
朝阳区
朝阳区
朝阳区
朝阳区
朝阳区
朝阳区
朝阳区
东城区
东城区
东城区
东城区
石景山区
石景山区
石景山区
石景山区
石景山区
石景山区
石景山区
石景山区
石景山区
昌平区
昌平区
昌平区
昌平区
昌平区
昌平区
昌平区
昌平区
东城区
东城区
东城区
东城区
东城区
东城区
朝阳区
东城区
东城区
东城区
东城区
东城区
东城区
东城区
东城区
海淀区
海淀区
海淀区
海淀区
朝阳区
朝阳区
朝阳区
朝阳区
朝阳区
昌平区
昌平区
昌平区
昌平区
昌平区
朝阳区
朝阳区
大兴区
丰台区
丰台区
东城区
东城区
丰台区
丰台区
东城区
东城区
丰台区
通州区
通州区
通州区
通州区
通州区
通州区
通州区
通州区
丰台区
丰台区
丰台区
丰台区
丰台区
朝阳区
朝阳区
朝阳区
朝阳区
朝阳区
朝阳区
朝阳区
朝阳区
朝阳区
朝阳区
朝阳区
朝阳区
海淀区
海淀区
海淀区
海淀区
朝阳区
朝阳区
朝阳区
朝阳区
朝阳区
海淀区
海淀区
海淀区
海淀区
海淀区
海淀区
海淀区
海淀区
朝阳区
朝阳区
朝阳区
朝阳区
朝阳区
朝阳区
朝阳区
朝阳区
朝阳区
朝阳区
昌平区
昌平区
昌平区
昌平区
朝阳区
朝阳区
朝阳区
朝阳区
朝阳区
朝阳区
朝阳区
朝阳区
朝阳区
朝阳区
东城区
东城区
东城区
东城区
东城区
西城区
西城区
西城区
西城区
西城区
丰台区
丰台区
丰台区
丰台区
丰台区
丰台区
丰台区
丰台区
丰台区
丰台区
朝阳区
朝阳区
朝阳区
朝阳区
朝阳区
朝阳区
朝阳区
朝阳区
朝阳区
朝阳区
朝阳区
朝阳区
朝阳区
朝阳区
通州区
通州区
丰台区
丰台区
丰台区
丰台区
朝阳区
朝阳区
朝阳区
朝阳区
朝阳区
昌平区
朝阳区
朝阳区
朝阳区
朝阳区
朝阳区
朝阳区
朝阳区
朝阳区
朝阳区
朝阳区
朝阳区
朝阳区
朝阳区
朝阳区
朝阳区
朝阳区
朝阳区
朝阳区
朝阳区
朝阳区
朝阳区
朝阳区
朝阳区
朝阳区
朝阳区
朝阳区
朝阳区
朝阳区
朝阳区
朝阳区
丰台区
丰台区
丰台区
丰台区
丰台区
丰台区
丰台区
丰台区
丰台区
丰台区
通州区
通州区
通州区
通州区
通州区
通州区
东城区
朝阳区
朝阳区
朝阳区
东城区
朝阳区
朝阳区
朝阳区
朝阳区
朝阳区
朝阳区
朝阳区
朝阳区
朝阳区
朝阳区
朝阳区
朝阳区
朝阳区
朝阳区
朝阳区
朝阳区
丰台区
丰台区
丰台区
丰台区
丰台区
朝阳区
朝阳区
朝阳区
朝阳区
丰台区
丰台区
丰台区
丰台区
丰台区
朝阳区
朝阳区
朝阳区
朝阳区
西城区
海淀区
海淀区
海淀区
朝阳区
朝阳区
朝阳区
大兴区
大兴区
丰台区
丰台区
海淀区
海淀区
海淀区
海淀区
西城区
西城区
西城区
西城区
朝阳区
朝阳区
朝阳区
朝阳区
朝阳区
朝阳区
东城区
东城区
东城区
朝阳区
朝阳区
东城区
东城区
东城区
朝阳区
朝阳区
东城区
东城区
东城区
朝阳区
朝阳区
朝阳区
朝阳区
大兴区
大兴区
大兴区
大兴区
大兴区
朝阳区
朝阳区
朝阳区
朝阳区
朝阳区
朝阳区
朝阳区
朝阳区
朝阳区
朝阳区
朝阳区
朝阳区
朝阳区
海淀区
海淀区
海淀区
海淀区
海淀区
朝阳区
朝阳区
朝阳区
朝阳区
朝阳区
朝阳区
朝阳区
朝阳区
朝阳区
朝阳区
朝阳区
朝阳区
朝阳区
朝阳区
朝阳区
朝阳区
朝阳区
朝阳区
朝阳区
朝阳区
朝阳区
朝阳区
朝阳区
朝阳区
海淀区
海淀区
海淀区
海淀区
丰台区
丰台区
丰台区
丰台区
丰台区
丰台区
朝阳区
朝阳区
朝阳区
朝阳区
朝阳区
朝阳区
朝阳区
朝阳区
朝阳区
朝阳区
朝阳区
朝阳区
朝阳区
大兴区
大兴区
大兴区
大兴区
大兴区
朝阳区
朝阳区
朝阳区
朝阳区
朝阳区
朝阳区
朝阳区
朝阳区
朝阳区
朝阳区
朝阳区
朝阳区
朝阳区
朝阳区
朝阳区
朝阳区
朝阳区
朝阳区
朝阳区
朝阳区
房山区
房山区
房山区
房山区
房山区
朝阳区
朝阳区
朝阳区
朝阳区
朝阳区
朝阳区
朝阳区
朝阳区
朝阳区
朝阳区
朝阳区
朝阳区
朝阳区
朝阳区
朝阳区
海淀区
海淀区
海淀区
海淀区
海淀区
海淀区
海淀区
海淀区
海淀区
海淀区
海淀区
海淀区
海淀区
海淀区
海淀区
海淀区
海淀区
海淀区
海淀区
朝阳区
朝阳区
朝阳区
朝阳区
朝阳区
朝阳区
朝阳区
朝阳区
房山区
房山区
房山区
朝阳区
朝阳区
朝阳区
朝阳区
朝阳区
通州区
朝阳区
朝阳区
通州区
丰台区
顺义区
丰台区
丰台区
丰台区
丰台区
丰台区
东城区
东城区
东城区
东城区
东城区
东城区
东城区
东城区
东城区
东城区
东城区
东城区
东城区
东城区
东城区
东城区
海淀区
海淀区
海淀区
海淀区
海淀区
东城区
东城区
东城区
东城区
通州区
通州区
通州区
通州区
朝阳区
朝阳区
朝阳区
朝阳区
房山区
房山区
房山区
朝阳区
朝阳区
朝阳区
朝阳区
朝阳区
朝阳区
朝阳区
朝阳区
海淀区
海淀区
海淀区
朝阳区
海淀区
海淀区
海淀区
朝阳区
朝阳区
朝阳区
朝阳区
东城区
朝阳区
东城区
朝阳区
朝阳区
朝阳区
朝阳区
朝阳区
朝阳区
朝阳区
朝阳区
朝阳区
朝阳区
朝阳区
朝阳区
朝阳区
朝阳区
朝阳区
朝阳区
朝阳区
朝阳区
朝阳区
朝阳区
朝阳区
朝阳区
朝阳区
朝阳区
朝阳区
朝阳区
朝阳区
朝阳区
朝阳区
朝阳区
朝阳区
朝阳区
朝阳区
朝阳区
朝阳区
朝阳区
朝阳区
朝阳区
朝阳区
朝阳区
朝阳区
朝阳区
朝阳区
朝阳区
朝阳区
朝阳区
朝阳区
朝阳区
朝阳区
门头沟区
门头沟区
门头沟区
门头沟区
朝阳区
朝阳区
朝阳区
朝阳区
朝阳区
朝阳区
朝阳区
朝阳区
朝阳区
朝阳区
通州区
通州区
通州区
通州区
通州区
朝阳区
朝阳区
朝阳区
海淀区
海淀区
朝阳区
朝阳区
朝阳区
朝阳区
朝阳区
朝阳区
朝阳区
朝阳区
朝阳区
朝阳区
朝阳区
朝阳区
朝阳区
海淀区
海淀区
海淀区
朝阳区
朝阳区
大兴区
丰台区
大兴区
大兴区
大兴区
大兴区
朝阳区
朝阳区
朝阳区
朝阳区
朝阳区
朝阳区
朝阳区
朝阳区
朝阳区
朝阳区
海淀区
大兴区
大兴区
大兴区
大兴区
朝阳区
朝阳区
朝阳区
朝阳区
朝阳区
朝阳区
朝阳区
朝阳区
朝阳区
朝阳区
朝阳区
朝阳区
朝阳区
朝阳区
朝阳区
朝阳区
朝阳区
朝阳区
朝阳区
朝阳区
朝阳区
朝阳区
朝阳区
朝阳区
东城区
东城区
东城区
东城区
东城区
朝阳区
朝阳区
朝阳区
朝阳区
朝阳区
朝阳区
朝阳区
朝阳区
朝阳区
朝阳区
朝阳区
朝阳区
朝阳区
朝阳区
丰台区
丰台区
丰台区
丰台区
丰台区
丰台区
丰台区
丰台区
朝阳区
朝阳区
朝阳区
朝阳区
丰台区
丰台区
丰台区
丰台区
丰台区
朝阳区
平谷区
平谷区
海淀区
海淀区
海淀区
朝阳区
平谷区
平谷区
朝阳区
朝阳区
朝阳区
朝阳区
朝阳区
朝阳区
朝阳区
朝阳区
朝阳区
朝阳区
朝阳区
朝阳区
朝阳区
朝阳区
丰台区
丰台区
丰台区
丰台区
丰台区
朝阳区
朝阳区
朝阳区
大兴区
丰台区
丰台区
丰台区
大兴区
丰台区
丰台区
丰台区
丰台区
丰台区
丰台区
丰台区
西城区
朝阳区
朝阳区
朝阳区
朝阳区
朝阳区
朝阳区
朝阳区
朝阳区
朝阳区
朝阳区
朝阳区
朝阳区
朝阳区
朝阳区
朝阳区
丰台区
丰台区
丰台区
丰台区
丰台区
西城区
西城区
西城区
西城区
朝阳区
朝阳区
朝阳区
朝阳区
朝阳区
朝阳区
朝阳区
朝阳区
丰台区
丰台区
丰台区
丰台区
丰台区
朝阳区
朝阳区
朝阳区
丰台区
丰台区
丰台区
丰台区
丰台区
海淀区
海淀区
海淀区
海淀区
海淀区
朝阳区
朝阳区
朝阳区
朝阳区
朝阳区
朝阳区
东城区
房山区
房山区
朝阳区
朝阳区
朝阳区
朝阳区
朝阳区
朝阳区
朝阳区
朝阳区
朝阳区
朝阳区
朝阳区
朝阳区
朝阳区
朝阳区
朝阳区
朝阳区
朝阳区
朝阳区
朝阳区
朝阳区
朝阳区
丰台区
丰台区
丰台区
丰台区
丰台区
海淀区
朝阳区
朝阳区
东城区
朝阳区
朝阳区
朝阳区
朝阳区
朝阳区
朝阳区
西城区
西城区
西城区
西城区
西城区
丰台区
丰台区
朝阳区
朝阳区
朝阳区
朝阳区
朝阳区
朝阳区
朝阳区
朝阳区
朝阳区
朝阳区
朝阳区
东城区
东城区
东城区
东城区
海淀区
海淀区
海淀区
海淀区
海淀区
昌平区
昌平区
昌平区
朝阳区
海淀区
海淀区
海淀区
朝阳区
朝阳区
朝阳区
大兴区
大兴区
大兴区
大兴区
大兴区
大兴区
大兴区
大兴区
朝阳区
朝阳区
朝阳区
朝阳区
朝阳区
朝阳区
朝阳区
朝阳区
朝阳区
丰台区
丰台区
丰台区
丰台区
丰台区
丰台区
丰台区
丰台区
丰台区
丰台区
朝阳区
朝阳区
朝阳区
朝阳区
朝阳区
朝阳区
朝阳区
朝阳区
朝阳区
朝阳区
朝阳区
朝阳区
丰台区
丰台区
通州区
通州区
朝阳区
朝阳区
朝阳区
海淀区
海淀区
海淀区
海淀区
海淀区
海淀区
海淀区
海淀区
海淀区
海淀区
通州区
通州区
通州区
通州区
通州区
通州区
丰台区
丰台区
丰台区
丰台区
丰台区
丰台区
丰台区
丰台区
朝阳区
朝阳区
朝阳区
朝阳区
朝阳区
朝阳区
朝阳区
朝阳区
朝阳区
朝阳区
朝阳区
朝阳区
朝阳区
朝阳区
朝阳区
朝阳区
朝阳区
朝阳区
朝阳区
朝阳区
朝阳区
朝阳区
朝阳区
朝阳区
朝阳区
朝阳区
朝阳区
朝阳区
朝阳区
朝阳区
朝阳区
东城区
东城区
东城区
东城区
东城区
东城区
东城区
东城区
东城区
东城区
东城区
东城区
东城区
东城区
昌平区
昌平区
昌平区
昌平区
朝阳区
朝阳区
朝阳区
朝阳区
朝阳区
朝阳区
通州区
通州区
通州区
通州区
丰台区
丰台区
丰台区
丰台区
丰台区
东城区
朝阳区
朝阳区
朝阳区
朝阳区
朝阳区
东城区
东城区
东城区
东城区
东城区
朝阳区
朝阳区
朝阳区
朝阳区
朝阳区
东城区
东城区
东城区
东城区
朝阳区
朝阳区
朝阳区
朝阳区
东城区
东城区
东城区
东城区
朝阳区
朝阳区
朝阳区
朝阳区
房山区
房山区
房山区
房山区
朝阳区
朝阳区
朝阳区
朝阳区
朝阳区
朝阳区
朝阳区
朝阳区
丰台区
丰台区
丰台区
丰台区
朝阳区
朝阳区
朝阳区
朝阳区
朝阳区
朝阳区
朝阳区
朝阳区
朝阳区
朝阳区
丰台区
丰台区
丰台区
丰台区
大兴区
大兴区
大兴区
朝阳区
朝阳区
朝阳区
朝阳区
朝阳区
朝阳区
朝阳区
朝阳区
朝阳区
朝阳区
海淀区
海淀区
海淀区
朝阳区
朝阳区
朝阳区
通州区
通州区
通州区
通州区
通州区
朝阳区
朝阳区
房山区
房山区
房山区
朝阳区
朝阳区
朝阳区
朝阳区
丰台区
海淀区
海淀区
海淀区
海淀区
朝阳区
朝阳区
朝阳区
朝阳区
朝阳区
东城区
东城区
东城区
东城区
大兴区
大兴区
大兴区
大兴区
东城区
东城区
东城区
东城区
东城区
朝阳区
朝阳区
朝阳区
东城区
朝阳区
朝阳区
朝阳区
东城区
海淀区
海淀区
海淀区
海淀区
海淀区
朝阳区
朝阳区
朝阳区
朝阳区
朝阳区
朝阳区
朝阳区
朝阳区
朝阳区
朝阳区
朝阳区
朝阳区
朝阳区
朝阳区
朝阳区
朝阳区
朝阳区
朝阳区
朝阳区
朝阳区
朝阳区
朝阳区
朝阳区
朝阳区
朝阳区
朝阳区
朝阳区
海淀区
海淀区
海淀区
海淀区
朝阳区
朝阳区
朝阳区
朝阳区
朝阳区
朝阳区
丰台区
朝阳区
丰台区
朝阳区
朝阳区
朝阳区
朝阳区
朝阳区
朝阳区
朝阳区
朝阳区
海淀区
海淀区
海淀区
朝阳区
朝阳区
朝阳区
朝阳区
朝阳区
朝阳区
朝阳区
朝阳区
丰台区
丰台区
东城区
丰台区
丰台区
丰台区
丰台区
丰台区
丰台区
东城区
东城区
东城区
东城区
丰台区
丰台区
丰台区
丰台区
朝阳区
东城区
东城区
东城区
朝阳区
东城区
东城区
东城区
丰台区
丰台区
丰台区
丰台区
房山区
房山区
房山区
房山区
房山区
丰台区
丰台区
丰台区
丰台区
朝阳区
朝阳区
朝阳区
大兴区
大兴区
大兴区
大兴区
大兴区
丰台区
朝阳区
朝阳区
朝阳区
朝阳区
朝阳区
通州区
通州区
通州区
通州区
通州区
朝阳区
朝阳区
朝阳区
朝阳区
朝阳区
朝阳区
朝阳区
朝阳区
朝阳区
海淀区
海淀区
海淀区
海淀区
朝阳区
朝阳区
海淀区
大兴区
朝阳区
朝阳区
朝阳区
朝阳区
朝阳区
昌平区
昌平区
朝阳区
大兴区
大兴区
大兴区
大兴区
大兴区
朝阳区
朝阳区
朝阳区
朝阳区
朝阳区
东城区
东城区
东城区
东城区
朝阳区
东城区
东城区
东城区
东城区
丰台区
朝阳区
朝阳区
朝阳区
朝阳区
海淀区
海淀区
海淀区
海淀区
海淀区
海淀区
海淀区
海淀区
大兴区
大兴区
大兴区
大兴区
西城区
西城区
西城区
西城区
朝阳区
朝阳区
朝阳区
西城区
西城区
西城区
西城区
东城区
东城区
东城区
东城区
东城区
丰台区
丰台区
丰台区
丰台区
丰台区
朝阳区
朝阳区
朝阳区
朝阳区
朝阳区
朝阳区
朝阳区
朝阳区
朝阳区
朝阳区
朝阳区
朝阳区
朝阳区
朝阳区
朝阳区
丰台区
丰台区
丰台区
朝阳区
朝阳区
朝阳区
朝阳区
朝阳区
通州区
通州区
通州区
通州区
通州区
朝阳区
朝阳区
朝阳区
朝阳区
朝阳区
朝阳区
朝阳区
朝阳区
朝阳区
朝阳区
朝阳区
朝阳区
丰台区
丰台区
丰台区
海淀区
海淀区
海淀区
海淀区
大兴区
大兴区
大兴区
大兴区
东城区
东城区
朝阳区
朝阳区
朝阳区
朝阳区
朝阳区
朝阳区
朝阳区
朝阳区
朝阳区
朝阳区
通州区
通州区
通州区
朝阳区
朝阳区
朝阳区
朝阳区
朝阳区
朝阳区
朝阳区
朝阳区
朝阳区
朝阳区
朝阳区
朝阳区
朝阳区
海淀区
海淀区
海淀区
海淀区
海淀区
丰台区
丰台区
丰台区
丰台区
朝阳区
朝阳区
朝阳区
朝阳区
朝阳区
朝阳区
朝阳区
朝阳区
朝阳区
朝阳区
朝阳区
朝阳区
朝阳区
朝阳区
朝阳区
朝阳区
朝阳区
朝阳区
朝阳区
朝阳区
朝阳区
朝阳区
朝阳区
朝阳区
朝阳区
朝阳区
朝阳区
朝阳区
朝阳区
朝阳区
朝阳区
朝阳区
朝阳区
朝阳区
朝阳区
朝阳区
朝阳区
朝阳区
朝阳区
朝阳区
朝阳区
西城区
西城区
东城区
丰台区
丰台区
丰台区
丰台区
丰台区
丰台区
丰台区
丰台区
东城区
东城区
东城区
东城区
东城区
东城区
朝阳区
朝阳区
东城区
东城区
东城区
东城区
门头沟区
门头沟区
门头沟区
门头沟区
门头沟区
朝阳区
朝阳区
朝阳区
朝阳区
朝阳区
朝阳区
朝阳区
朝阳区
朝阳区
朝阳区
朝阳区
朝阳区
朝阳区
海淀区
海淀区
海淀区
海淀区
海淀区
海淀区
海淀区
海淀区
海淀区
海淀区
丰台区
丰台区
丰台区
丰台区
丰台区
朝阳区
朝阳区
海淀区
海淀区
昌平区
昌平区
昌平区
海淀区
海淀区
海淀区
海淀区
海淀区
朝阳区
朝阳区
朝阳区
朝阳区
丰台区
丰台区
丰台区
丰台区
朝阳区
朝阳区
朝阳区
朝阳区
朝阳区
朝阳区
朝阳区
朝阳区
朝阳区
朝阳区
朝阳区
朝阳区
海淀区
海淀区
海淀区
西城区
西城区
西城区
西城区
朝阳区
朝阳区
朝阳区
朝阳区
朝阳区
朝阳区
朝阳区
朝阳区
朝阳区
房山区
房山区
房山区
房山区
房山区
房山区
房山区
房山区
房山区
房山区
房山区
房山区
房山区
房山区
房山区
西城区
东城区
东城区
丰台区
丰台区
朝阳区
朝阳区
朝阳区
朝阳区
朝阳区
石景山区
石景山区
石景山区
丰台区
丰台区
丰台区
丰台区
海淀区
海淀区
海淀区
朝阳区
朝阳区
朝阳区
朝阳区
朝阳区
东城区
东城区
东城区
朝阳区
朝阳区
朝阳区
朝阳区
朝阳区
东城区
东城区
朝阳区
朝阳区
朝阳区
朝阳区
朝阳区
朝阳区
朝阳区
朝阳区
朝阳区
朝阳区
朝阳区
朝阳区
丰台区
丰台区
丰台区
丰台区
丰台区
丰台区
丰台区
丰台区
丰台区
丰台区
丰台区
丰台区
丰台区
丰台区
丰台区
丰台区
丰台区
丰台区
丰台区
丰台区
朝阳区
朝阳区
朝阳区
朝阳区
朝阳区
朝阳区
朝阳区
朝阳区
朝阳区
朝阳区
朝阳区
朝阳区
朝阳区
朝阳区
朝阳区
朝阳区
东城区
东城区
东城区
东城区
东城区
朝阳区
朝阳区
朝阳区
朝阳区
朝阳区
东城区
东城区
东城区
东城区
东城区
东城区
东城区
东城区
东城区
丰台区
丰台区
丰台区
海淀区
海淀区
朝阳区
朝阳区
朝阳区
朝阳区
朝阳区
朝阳区
海淀区
海淀区
朝阳区
朝阳区
朝阳区
朝阳区
朝阳区
朝阳区
朝阳区
朝阳区
朝阳区
东城区
朝阳区
朝阳区
朝阳区
朝阳区
东城区
通州区
通州区
通州区
通州区
通州区
通州区
朝阳区
朝阳区
朝阳区
朝阳区
朝阳区
朝阳区
朝阳区
朝阳区
朝阳区
朝阳区
朝阳区
朝阳区
朝阳区
朝阳区
朝阳区
朝阳区
朝阳区
朝阳区
朝阳区
海淀区
海淀区
海淀区
海淀区
通州区
通州区
通州区
通州区
丰台区
东城区
东城区
西城区
西城区
西城区
西城区
西城区
西城区
西城区
西城区
西城区
西城区
丰台区
西城区
西城区
西城区
西城区
丰台区
西城区
西城区
西城区
西城区
丰台区
东城区
丰台区
丰台区
丰台区
朝阳区
朝阳区
朝阳区
朝阳区
朝阳区
朝阳区
朝阳区
朝阳区
朝阳区
朝阳区
朝阳区
朝阳区
昌平区
昌平区
昌平区
朝阳区
朝阳区
朝阳区
朝阳区
朝阳区
朝阳区
朝阳区
朝阳区
朝阳区
朝阳区
朝阳区
朝阳区
朝阳区
朝阳区
朝阳区
朝阳区
朝阳区
丰台区
丰台区
朝阳区
丰台区
朝阳区
丰台区
丰台区
朝阳区
丰台区
朝阳区
大兴区
大兴区
大兴区
大兴区
海淀区
海淀区
海淀区
朝阳区
朝阳区
朝阳区
朝阳区
东城区
朝阳区
朝阳区
朝阳区
朝阳区
丰台区
海淀区
延庆县
昌平区
丰台区
海淀区
延庆县
昌平区
朝阳区
朝阳区
朝阳区
朝阳区
东城区
东城区
朝阳区
昌平区
昌平区
昌平区
朝阳区
顺义区
顺义区
顺义区
顺义区
顺义区
朝阳区
通州区
朝阳区
朝阳区
朝阳区
朝阳区
朝阳区
朝阳区
朝阳区
朝阳区
朝阳区
朝阳区
朝阳区
朝阳区
朝阳区
朝阳区
朝阳区
丰台区
丰台区
丰台区
丰台区
丰台区
朝阳区
朝阳区
朝阳区
朝阳区
朝阳区
朝阳区
朝阳区
朝阳区
朝阳区
朝阳区
东城区
东城区
东城区
东城区
东城区
东城区
东城区
东城区
东城区
东城区
朝阳区
朝阳区
朝阳区
朝阳区
朝阳区
朝阳区
朝阳区
朝阳区
海淀区
海淀区
海淀区
海淀区
海淀区
海淀区
海淀区
海淀区
海淀区
海淀区
朝阳区
朝阳区
朝阳区
朝阳区
朝阳区
朝阳区
通州区
通州区
朝阳区
朝阳区
朝阳区
朝阳区
朝阳区
朝阳区
大兴区
大兴区
大兴区
大兴区
大兴区
海淀区
海淀区
海淀区
海淀区
朝阳区
昌平区
昌平区
朝阳区
朝阳区
朝阳区
朝阳区
朝阳区
朝阳区
朝阳区
丰台区
丰台区
丰台区
大兴区
大兴区
大兴区
大兴区
大兴区
朝阳区
朝阳区
朝阳区
朝阳区
朝阳区
朝阳区
朝阳区
朝阳区
朝阳区
朝阳区
丰台区
丰台区
丰台区
丰台区
丰台区
海淀区
海淀区
海淀区
丰台区
丰台区
海淀区
海淀区
海淀区
海淀区
海淀区
海淀区
海淀区
海淀区
海淀区
海淀区
朝阳区
朝阳区
朝阳区
朝阳区
丰台区
丰台区
丰台区
朝阳区
朝阳区
朝阳区
朝阳区
石景山区
石景山区
石景山区
石景山区
石景山区
朝阳区
朝阳区
朝阳区
朝阳区
昌平区
昌平区
昌平区
朝阳区
朝阳区
朝阳区
朝阳区
朝阳区
朝阳区
朝阳区
朝阳区
朝阳区
朝阳区
朝阳区
朝阳区
朝阳区
朝阳区
朝阳区
朝阳区
朝阳区
朝阳区
朝阳区
朝阳区
朝阳区
朝阳区
朝阳区
朝阳区
朝阳区
朝阳区
朝阳区
朝阳区
朝阳区
朝阳区
朝阳区
朝阳区
朝阳区
朝阳区
大兴区
大兴区
大兴区
大兴区
昌平区
昌平区
昌平区
昌平区
海淀区
海淀区
海淀区
海淀区
海淀区
朝阳区
朝阳区
朝阳区
房山区
房山区
房山区
房山区
房山区
房山区
房山区
房山区
东城区
东城区
东城区
东城区
东城区
东城区
东城区
东城区
东城区
东城区
东城区
东城区
东城区
东城区
东城区
东城区
东城区
丰台区
丰台区
丰台区
丰台区
丰台区
朝阳区
朝阳区
朝阳区
朝阳区
朝阳区
朝阳区
朝阳区
朝阳区
朝阳区
朝阳区
朝阳区
朝阳区
朝阳区
朝阳区
朝阳区
朝阳区
朝阳区
朝阳区
朝阳区
朝阳区
朝阳区
朝阳区
朝阳区
朝阳区
朝阳区
朝阳区
朝阳区
朝阳区
朝阳区
朝阳区
朝阳区
朝阳区
朝阳区
朝阳区
海淀区
海淀区
海淀区
海淀区
海淀区
朝阳区
朝阳区
朝阳区
朝阳区
丰台区
丰台区
丰台区
丰台区
丰台区
丰台区
丰台区
丰台区
丰台区
丰台区
丰台区
丰台区
丰台区
丰台区
丰台区
丰台区
丰台区
丰台区
丰台区
丰台区
西城区
西城区
朝阳区
朝阳区
朝阳区
朝阳区
朝阳区
丰台区
丰台区
丰台区
丰台区
丰台区
丰台区
丰台区
朝阳区
通州区
朝阳区
朝阳区
通州区
东城区
东城区
东城区
东城区
东城区
丰台区
丰台区
丰台区
东城区
东城区
丰台区
丰台区
丰台区
朝阳区
朝阳区
丰台区
朝阳区
朝阳区
丰台区
丰台区
朝阳区
朝阳区
朝阳区
朝阳区
朝阳区
朝阳区
朝阳区
朝阳区
朝阳区
朝阳区
朝阳区
朝阳区
朝阳区
朝阳区
东城区
东城区
东城区
东城区
东城区
东城区
东城区
东城区
东城区
东城区
朝阳区
朝阳区
朝阳区
朝阳区
朝阳区
朝阳区
朝阳区
东城区
东城区
朝阳区
朝阳区
东城区
东城区
朝阳区
朝阳区
丰台区
丰台区
丰台区
丰台区
海淀区
海淀区
朝阳区
朝阳区
朝阳区
朝阳区
朝阳区
朝阳区
朝阳区
朝阳区
朝阳区
朝阳区
朝阳区
朝阳区
朝阳区
朝阳区
朝阳区
朝阳区
朝阳区
朝阳区
海淀区
海淀区
海淀区
东城区
东城区
东城区
朝阳区
朝阳区
朝阳区
朝阳区
朝阳区
朝阳区
朝阳区
朝阳区
朝阳区
朝阳区
大兴区
大兴区
大兴区
通州区
通州区
通州区
通州区
通州区
通州区
朝阳区
朝阳区
朝阳区
朝阳区
朝阳区
海淀区
海淀区
海淀区
大兴区
朝阳区
朝阳区
朝阳区
朝阳区
朝阳区
朝阳区
朝阳区
朝阳区
朝阳区
大兴区
大兴区
大兴区
大兴区
大兴区
朝阳区
朝阳区
朝阳区
朝阳区
朝阳区
通州区
通州区
通州区
通州区
朝阳区
朝阳区
朝阳区
朝阳区
朝阳区
朝阳区
朝阳区
大兴区
朝阳区
朝阳区
朝阳区
朝阳区
东城区
朝阳区
朝阳区
朝阳区
朝阳区
朝阳区
东城区
朝阳区
朝阳区
朝阳区
朝阳区
朝阳区
朝阳区
朝阳区
通州区
通州区
通州区
海淀区
海淀区
海淀区
海淀区
海淀区
朝阳区
朝阳区
朝阳区
朝阳区
朝阳区
朝阳区
朝阳区
朝阳区
朝阳区
西城区
西城区
西城区
朝阳区
朝阳区
朝阳区
朝阳区
朝阳区
朝阳区
朝阳区
朝阳区
朝阳区
朝阳区
丰台区
丰台区
丰台区
朝阳区
朝阳区
朝阳区
朝阳区
东城区
东城区
东城区
东城区
东城区
东城区
东城区
东城区
东城区
东城区
丰台区
大兴区
大兴区
大兴区
大兴区
朝阳区
朝阳区
朝阳区
朝阳区
朝阳区
朝阳区
朝阳区
朝阳区
朝阳区
朝阳区
朝阳区
朝阳区
朝阳区
朝阳区
朝阳区
东城区
东城区
朝阳区
东城区
朝阳区
朝阳区
朝阳区
朝阳区
朝阳区
朝阳区
朝阳区
朝阳区
朝阳区
朝阳区
朝阳区
朝阳区
朝阳区
朝阳区
朝阳区
朝阳区
朝阳区
朝阳区
昌平区
朝阳区
昌平区
朝阳区
朝阳区
海淀区
海淀区
朝阳区
西城区
西城区
西城区
西城区
西城区
西城区
朝阳区
朝阳区
朝阳区
朝阳区
朝阳区
丰台区
丰台区
丰台区
丰台区
西城区
西城区
西城区
西城区
西城区
西城区
西城区
西城区
西城区
西城区
海淀区
海淀区
海淀区
海淀区
海淀区
海淀区
海淀区
海淀区
朝阳区
朝阳区
东城区
东城区
东城区
东城区
大兴区
大兴区
大兴区
大兴区
通州区
通州区
通州区
通州区
通州区
通州区
丰台区
丰台区
丰台区
丰台区
丰台区
丰台区
丰台区
丰台区
丰台区
丰台区
丰台区
丰台区
丰台区
丰台区
丰台区
通州区
通州区
通州区
通州区
通州区
通州区
通州区
通州区
通州区
通州区
门头沟区
门头沟区
门头沟区
门头沟区
门头沟区
朝阳区
朝阳区
朝阳区
朝阳区
东城区
东城区
东城区
东城区
东城区
东城区
东城区
东城区
东城区
东城区
东城区
东城区
东城区
东城区
朝阳区
丰台区
丰台区
丰台区
丰台区
丰台区
西城区
西城区
西城区
西城区
西城区
西城区
西城区
西城区
西城区
朝阳区
朝阳区
朝阳区
朝阳区
海淀区
海淀区
海淀区
海淀区
丰台区
丰台区
丰台区
丰台区
丰台区
丰台区
丰台区
丰台区
丰台区
丰台区
通州区
朝阳区
朝阳区
朝阳区
朝阳区
丰台区
丰台区
丰台区
丰台区
丰台区
丰台区
丰台区
丰台区
东城区
东城区
朝阳区
朝阳区
朝阳区
朝阳区
朝阳区
朝阳区
朝阳区
朝阳区
朝阳区
朝阳区
朝阳区
朝阳区
朝阳区
朝阳区
海淀区
海淀区
东城区
东城区
朝阳区
朝阳区
朝阳区
朝阳区
朝阳区
海淀区
海淀区
东城区
东城区
朝阳区
朝阳区
朝阳区
朝阳区
朝阳区
朝阳区
朝阳区
朝阳区
朝阳区
朝阳区
朝阳区
朝阳区
朝阳区
朝阳区
朝阳区
朝阳区
朝阳区
朝阳区
朝阳区
朝阳区
朝阳区
朝阳区
朝阳区
朝阳区
朝阳区
朝阳区
朝阳区
朝阳区
朝阳区
朝阳区
朝阳区
朝阳区
通州区
通州区
通州区
通州区
朝阳区
朝阳区
朝阳区
朝阳区
朝阳区
朝阳区
朝阳区
朝阳区
朝阳区
朝阳区
朝阳区
朝阳区
朝阳区
朝阳区
朝阳区
朝阳区
大兴区
大兴区
大兴区
大兴区
大兴区
海淀区
海淀区
海淀区
海淀区
海淀区
朝阳区
朝阳区
朝阳区
朝阳区
朝阳区
朝阳区
朝阳区
朝阳区
朝阳区
朝阳区
朝阳区
朝阳区
朝阳区
朝阳区
朝阳区
朝阳区
朝阳区
朝阳区
朝阳区
石景山区
石景山区
石景山区
石景山区
海淀区
海淀区
海淀区
朝阳区
朝阳区
朝阳区
朝阳区
朝阳区
朝阳区
朝阳区
朝阳区
朝阳区
朝阳区
朝阳区
朝阳区
朝阳区
昌平区
昌平区
昌平区
昌平区
昌平区
朝阳区
朝阳区
朝阳区
朝阳区
朝阳区
朝阳区
朝阳区
朝阳区
朝阳区
朝阳区
朝阳区
朝阳区
朝阳区
朝阳区
海淀区
海淀区
海淀区
海淀区
丰台区
丰台区
丰台区
丰台区
丰台区
丰台区
丰台区
丰台区
丰台区
丰台区
丰台区
丰台区
朝阳区
朝阳区
朝阳区
朝阳区
朝阳区
大兴区
大兴区
通州区
朝阳区
朝阳区
东城区
东城区
东城区
东城区
朝阳区
朝阳区
朝阳区
朝阳区
房山区
房山区
房山区
丰台区
丰台区
丰台区
丰台区
丰台区
丰台区
丰台区
丰台区
丰台区
丰台区
顺义区
顺义区
顺义区
顺义区
顺义区
顺义区
顺义区
顺义区
顺义区
顺义区
朝阳区
朝阳区
朝阳区
朝阳区
朝阳区
朝阳区
朝阳区
朝阳区
朝阳区
朝阳区
朝阳区
朝阳区
朝阳区
东城区
东城区
东城区
东城区
门头沟区
门头沟区
朝阳区
朝阳区
朝阳区
朝阳区
通州区
通州区
通州区
朝阳区
朝阳区
朝阳区
朝阳区
朝阳区
海淀区
海淀区
海淀区
海淀区
海淀区
海淀区
海淀区
海淀区
海淀区
海淀区
海淀区
海淀区
海淀区
海淀区
朝阳区
朝阳区
朝阳区
朝阳区
丰台区
丰台区
丰台区
丰台区
丰台区
朝阳区
朝阳区
朝阳区
朝阳区
朝阳区
丰台区
丰台区
丰台区
丰台区
朝阳区
朝阳区
朝阳区
朝阳区
朝阳区
朝阳区
朝阳区
朝阳区
朝阳区
丰台区
丰台区
丰台区
丰台区
朝阳区
昌平区
昌平区
朝阳区
昌平区
昌平区
朝阳区
朝阳区
朝阳区
朝阳区
朝阳区
朝阳区
朝阳区
朝阳区
朝阳区
朝阳区
朝阳区
朝阳区
房山区
房山区
房山区
房山区
海淀区
海淀区
海淀区
海淀区
海淀区
朝阳区
朝阳区
朝阳区
朝阳区
朝阳区
昌平区
昌平区
昌平区
朝阳区
朝阳区
朝阳区
朝阳区
昌平区
昌平区
昌平区
朝阳区
朝阳区
朝阳区
朝阳区
朝阳区
朝阳区
朝阳区
朝阳区
朝阳区
朝阳区
朝阳区
朝阳区
丰台区
丰台区
丰台区
丰台区
丰台区
朝阳区
朝阳区
朝阳区
朝阳区
朝阳区
朝阳区
朝阳区
朝阳区
朝阳区
海淀区
海淀区
海淀区
海淀区
海淀区
朝阳区
朝阳区
朝阳区
朝阳区
朝阳区
朝阳区
海淀区
西城区
丰台区
丰台区
丰台区
丰台区
丰台区
丰台区
丰台区
丰台区
朝阳区
朝阳区
朝阳区
朝阳区
朝阳区
东城区
东城区
东城区
东城区
朝阳区
朝阳区
朝阳区
西城区
西城区
西城区
西城区
西城区
西城区
朝阳区
朝阳区
朝阳区
朝阳区
朝阳区
朝阳区
朝阳区
朝阳区
朝阳区
朝阳区
朝阳区
朝阳区
朝阳区
朝阳区
朝阳区
朝阳区
朝阳区
朝阳区
朝阳区
朝阳区
朝阳区
朝阳区
朝阳区
丰台区
朝阳区
朝阳区
朝阳区
朝阳区
朝阳区
朝阳区
朝阳区
朝阳区
朝阳区
朝阳区
朝阳区
朝阳区
朝阳区
朝阳区
朝阳区
朝阳区
朝阳区
海淀区
海淀区
海淀区
海淀区
海淀区
丰台区
丰台区
丰台区
丰台区
丰台区
大兴区
大兴区
大兴区
大兴区
大兴区
大兴区
朝阳区
朝阳区
朝阳区
朝阳区
朝阳区
东城区
东城区
东城区
东城区
东城区
东城区
丰台区
丰台区
丰台区
丰台区
朝阳区
朝阳区
朝阳区
朝阳区
西城区
西城区
西城区
昌平区
昌平区
昌平区
朝阳区
丰台区
丰台区
丰台区
丰台区
昌平区
昌平区
昌平区
朝阳区
丰台区
丰台区
丰台区
丰台区
朝阳区
朝阳区
朝阳区
朝阳区
朝阳区
朝阳区
朝阳区
大兴区
大兴区
大兴区
大兴区
大兴区
大兴区
大兴区
大兴区
大兴区
海淀区
海淀区
海淀区
海淀区
东城区
东城区
东城区
东城区
东城区
朝阳区
朝阳区
朝阳区
朝阳区
朝阳区
朝阳区
朝阳区
朝阳区
朝阳区
朝阳区
朝阳区
朝阳区
朝阳区
朝阳区
朝阳区
朝阳区
朝阳区
朝阳区
海淀区
海淀区
海淀区
海淀区
朝阳区
朝阳区
海淀区
海淀区
海淀区
海淀区
海淀区
丰台区
丰台区
丰台区
丰台区
丰台区
丰台区
丰台区
丰台区
丰台区
丰台区
丰台区
朝阳区
朝阳区
朝阳区
朝阳区
朝阳区
朝阳区
朝阳区
朝阳区
房山区
房山区
房山区
海淀区
海淀区
海淀区
朝阳区
朝阳区
朝阳区
朝阳区
朝阳区
房山区
房山区
房山区
房山区
西城区
西城区
西城区
西城区
西城区
昌平区
朝阳区
朝阳区
昌平区
昌平区
海淀区
海淀区
海淀区
海淀区
海淀区
朝阳区
朝阳区
朝阳区
朝阳区
朝阳区
朝阳区
朝阳区
朝阳区
朝阳区
朝阳区
朝阳区
朝阳区
朝阳区
通州区
通州区
通州区
通州区
朝阳区
朝阳区
朝阳区
朝阳区
朝阳区
朝阳区
丰台区
丰台区
丰台区
丰台区
丰台区
朝阳区
朝阳区
朝阳区
朝阳区
朝阳区
朝阳区
朝阳区
朝阳区
朝阳区
朝阳区
朝阳区
朝阳区
大兴区
大兴区
大兴区
大兴区
朝阳区
朝阳区
朝阳区
朝阳区
朝阳区
朝阳区
朝阳区
朝阳区
丰台区
丰台区
丰台区
丰台区
朝阳区
朝阳区
朝阳区
朝阳区
朝阳区
朝阳区
朝阳区
西城区
丰台区
丰台区
丰台区
丰台区
丰台区
朝阳区
朝阳区
朝阳区
朝阳区
朝阳区
朝阳区
朝阳区
朝阳区
朝阳区
朝阳区
朝阳区
朝阳区
朝阳区
朝阳区
朝阳区
朝阳区
朝阳区
朝阳区
朝阳区
朝阳区
朝阳区
朝阳区
朝阳区
海淀区
海淀区
海淀区
海淀区
海淀区
丰台区
丰台区
丰台区
丰台区
丰台区
丰台区
丰台区
丰台区
丰台区
丰台区
丰台区
丰台区
丰台区
丰台区
丰台区
朝阳区
朝阳区
朝阳区
朝阳区
海淀区
海淀区
海淀区
朝阳区
朝阳区
朝阳区
朝阳区
朝阳区
丰台区
丰台区
丰台区
丰台区
朝阳区
朝阳区
朝阳区
朝阳区
朝阳区
丰台区
丰台区
丰台区
朝阳区
朝阳区
朝阳区
朝阳区
朝阳区
海淀区
海淀区
海淀区
海淀区
朝阳区
朝阳区
朝阳区
朝阳区
朝阳区
朝阳区
朝阳区
朝阳区
朝阳区
朝阳区
朝阳区
朝阳区
朝阳区
朝阳区
朝阳区
海淀区
海淀区
海淀区
海淀区
大兴区
大兴区
大兴区
大兴区
大兴区
大兴区
大兴区
大兴区
丰台区
丰台区
丰台区
丰台区
丰台区
朝阳区
朝阳区
朝阳区
朝阳区
朝阳区
朝阳区
朝阳区
朝阳区
东城区
东城区
东城区
东城区
东城区
朝阳区
朝阳区
朝阳区
通州区
通州区
通州区
通州区
朝阳区
朝阳区
朝阳区
朝阳区
朝阳区
朝阳区
朝阳区
朝阳区
朝阳区
朝阳区
朝阳区
朝阳区
朝阳区
朝阳区
朝阳区
朝阳区
朝阳区
朝阳区
朝阳区
朝阳区
朝阳区
朝阳区
朝阳区
朝阳区
朝阳区
朝阳区
朝阳区
西城区
西城区
西城区
西城区
西城区
西城区
西城区
西城区
西城区
西城区
朝阳区
朝阳区
朝阳区
朝阳区
朝阳区
朝阳区
朝阳区
朝阳区
丰台区
丰台区
丰台区
丰台区
西城区
西城区
西城区
西城区
西城区
石景山区
石景山区
朝阳区
朝阳区
朝阳区
海淀区
海淀区
海淀区
海淀区
朝阳区
东城区
海淀区
海淀区
海淀区
朝阳区
东城区
海淀区
海淀区
东城区
东城区
东城区
东城区
大兴区
大兴区
大兴区
朝阳区
朝阳区
朝阳区
朝阳区
朝阳区
朝阳区
朝阳区
朝阳区
朝阳区
朝阳区
朝阳区
朝阳区
朝阳区
朝阳区
朝阳区
朝阳区
朝阳区
丰台区
丰台区
丰台区
朝阳区
朝阳区
朝阳区
海淀区
海淀区
海淀区
海淀区
海淀区
海淀区
东城区
东城区
东城区
东城区
东城区
东城区
东城区
东城区
东城区
东城区
朝阳区
朝阳区
朝阳区
朝阳区
朝阳区
朝阳区
朝阳区
朝阳区
朝阳区
朝阳区
朝阳区
朝阳区
朝阳区
朝阳区
朝阳区
朝阳区
朝阳区
朝阳区
朝阳区
朝阳区
朝阳区
朝阳区
朝阳区
朝阳区
朝阳区
西城区
西城区
西城区
西城区
西城区
西城区
西城区
西城区
通州区
通州区
通州区
通州区
朝阳区
朝阳区
朝阳区
朝阳区
海淀区
海淀区
海淀区
海淀区
海淀区
海淀区
海淀区
丰台区
丰台区
丰台区
东城区
东城区
海淀区
海淀区
海淀区
海淀区
朝阳区
朝阳区
朝阳区
朝阳区
朝阳区
朝阳区
朝阳区
朝阳区
海淀区
朝阳区
朝阳区
朝阳区
朝阳区
朝阳区
朝阳区
朝阳区
朝阳区
朝阳区
西城区
西城区
西城区
西城区
西城区
西城区
西城区
西城区
西城区
朝阳区
朝阳区
朝阳区
海淀区
海淀区
海淀区
海淀区
海淀区
朝阳区
朝阳区
朝阳区
朝阳区
朝阳区
丰台区
朝阳区
朝阳区
朝阳区
朝阳区
朝阳区
朝阳区
朝阳区
朝阳区
海淀区
海淀区
海淀区
海淀区
西城区
西城区
西城区
西城区
西城区
朝阳区
朝阳区
朝阳区
朝阳区
朝阳区
海淀区
海淀区
海淀区
海淀区
朝阳区
朝阳区
朝阳区
朝阳区
朝阳区
朝阳区
朝阳区
朝阳区
朝阳区
朝阳区
朝阳区
朝阳区
朝阳区
朝阳区
朝阳区
朝阳区
朝阳区
朝阳区
朝阳区
朝阳区
朝阳区
朝阳区
朝阳区
朝阳区
朝阳区
朝阳区
朝阳区
朝阳区
朝阳区
朝阳区
朝阳区
朝阳区
朝阳区
朝阳区
朝阳区
朝阳区
朝阳区
朝阳区
朝阳区
朝阳区
朝阳区
朝阳区
朝阳区
朝阳区
丰台区
丰台区
丰台区
丰台区
丰台区
通州区
朝阳区
朝阳区
朝阳区
朝阳区
朝阳区
朝阳区
朝阳区
朝阳区
东城区
东城区
东城区
东城区
东城区
东城区
东城区
东城区
东城区
朝阳区
朝阳区
朝阳区
朝阳区
朝阳区
朝阳区
朝阳区
朝阳区
朝阳区
朝阳区
朝阳区
朝阳区
通州区
通州区
通州区
通州区
海淀区
海淀区
海淀区
海淀区
海淀区
朝阳区
朝阳区
朝阳区
东城区
东城区
朝阳区
东城区
朝阳区
朝阳区
朝阳区
朝阳区
朝阳区
朝阳区
朝阳区
朝阳区
朝阳区
朝阳区
朝阳区
朝阳区
朝阳区
朝阳区
石景山区
石景山区
石景山区
石景山区
朝阳区
朝阳区
朝阳区
朝阳区
朝阳区
朝阳区
朝阳区
朝阳区
朝阳区
朝阳区
朝阳区
朝阳区
朝阳区
朝阳区
朝阳区
朝阳区
朝阳区
朝阳区
朝阳区
朝阳区
丰台区
丰台区
丰台区
丰台区
朝阳区
朝阳区
朝阳区
朝阳区
丰台区
丰台区
丰台区
丰台区
丰台区
丰台区
丰台区
朝阳区
朝阳区
朝阳区
朝阳区
朝阳区
海淀区
海淀区
海淀区
朝阳区
朝阳区
朝阳区
朝阳区
朝阳区
朝阳区
朝阳区
朝阳区
朝阳区
海淀区
海淀区
海淀区
海淀区
丰台区
丰台区
丰台区
丰台区
丰台区
朝阳区
朝阳区
朝阳区
朝阳区
朝阳区
朝阳区
朝阳区
朝阳区
朝阳区
朝阳区
丰台区
丰台区
丰台区
丰台区
朝阳区
朝阳区
朝阳区
朝阳区
朝阳区
朝阳区
朝阳区
朝阳区
朝阳区
朝阳区
丰台区
东城区
东城区
东城区
东城区
东城区
东城区
东城区
东城区
东城区
朝阳区
朝阳区
朝阳区
朝阳区
朝阳区
朝阳区
朝阳区
朝阳区
朝阳区
通州区
通州区
通州区
通州区
通州区
通州区
通州区
通州区
通州区
通州区
通州区
通州区
通州区
通州区
通州区
通州区
通州区
通州区
通州区
通州区
通州区
通州区
通州区
通州区
通州区
通州区
通州区
通州区
通州区
石景山区
石景山区
石景山区
石景山区
石景山区
石景山区
朝阳区
朝阳区
朝阳区
朝阳区
朝阳区
通州区
通州区
通州区
通州区
通州区
通州区
通州区
通州区
通州区
通州区
通州区
通州区
通州区
通州区
通州区
通州区
通州区
通州区
通州区
通州区
朝阳区
朝阳区
朝阳区
朝阳区
朝阳区
朝阳区
朝阳区
朝阳区
大兴区
大兴区
大兴区
大兴区
大兴区
朝阳区
朝阳区
朝阳区
朝阳区
大兴区
大兴区
大兴区
大兴区
大兴区
朝阳区
海淀区
海淀区
海淀区
海淀区
丰台区
丰台区
丰台区
丰台区
丰台区
朝阳区
顺义区
顺义区
顺义区
东城区
东城区
东城区
东城区
朝阳区
朝阳区
朝阳区
朝阳区
朝阳区
大兴区
大兴区
大兴区
大兴区
大兴区
通州区
通州区
通州区
通州区
朝阳区
朝阳区
朝阳区
朝阳区
朝阳区
朝阳区
东城区
东城区
朝阳区
朝阳区
朝阳区
朝阳区
朝阳区
朝阳区
朝阳区
朝阳区
朝阳区
朝阳区
朝阳区
朝阳区
朝阳区
朝阳区
朝阳区
朝阳区
朝阳区
朝阳区
朝阳区
海淀区
海淀区
海淀区
海淀区
朝阳区
朝阳区
朝阳区
朝阳区
朝阳区
朝阳区
丰台区
丰台区
丰台区
西城区
西城区
西城区
西城区
海淀区
海淀区
朝阳区
朝阳区
朝阳区
朝阳区
朝阳区
朝阳区
朝阳区
朝阳区
朝阳区
朝阳区
朝阳区
朝阳区
朝阳区
朝阳区
朝阳区
朝阳区
朝阳区
朝阳区
朝阳区
昌平区
昌平区
朝阳区
朝阳区
朝阳区
朝阳区
朝阳区
朝阳区
朝阳区
东城区
东城区
东城区
东城区
东城区
东城区
东城区
东城区
东城区
东城区
朝阳区
朝阳区
朝阳区
朝阳区
朝阳区
海淀区
海淀区
海淀区
海淀区
海淀区
朝阳区
西城区
西城区
西城区
西城区
丰台区
丰台区
丰台区
丰台区
丰台区
丰台区
丰台区
丰台区
丰台区
朝阳区
朝阳区
朝阳区
朝阳区
朝阳区
朝阳区
朝阳区
朝阳区
朝阳区
朝阳区
朝阳区
朝阳区
朝阳区
朝阳区
朝阳区
朝阳区
朝阳区
朝阳区
朝阳区
朝阳区
朝阳区
朝阳区
朝阳区
朝阳区
朝阳区
朝阳区
朝阳区
朝阳区
朝阳区
朝阳区
朝阳区
朝阳区
朝阳区
朝阳区
朝阳区
朝阳区
朝阳区
朝阳区
朝阳区
朝阳区
朝阳区
朝阳区
朝阳区
东城区
东城区
东城区
东城区
东城区
昌平区
昌平区
昌平区
昌平区
昌平区
昌平区
昌平区
昌平区
昌平区
昌平区
朝阳区
朝阳区
朝阳区
朝阳区
朝阳区
朝阳区
朝阳区
朝阳区
朝阳区
朝阳区
朝阳区
朝阳区
朝阳区
朝阳区
朝阳区
朝阳区
朝阳区
朝阳区
朝阳区
东城区
东城区
东城区
东城区
朝阳区
朝阳区
朝阳区
朝阳区
朝阳区
朝阳区
朝阳区
朝阳区
朝阳区
朝阳区
东城区
朝阳区
顺义区
朝阳区
朝阳区
朝阳区
朝阳区
朝阳区
朝阳区
朝阳区
朝阳区
朝阳区
朝阳区
海淀区
海淀区
海淀区
海淀区
东城区
东城区
朝阳区
朝阳区
朝阳区
朝阳区
朝阳区
朝阳区
丰台区
丰台区
丰台区
丰台区
通州区
通州区
通州区
通州区
通州区
丰台区
丰台区
丰台区
丰台区
丰台区
丰台区
丰台区
丰台区
朝阳区
朝阳区
朝阳区
朝阳区
丰台区
丰台区
丰台区
丰台区
丰台区
丰台区
丰台区
丰台区
朝阳区
朝阳区
朝阳区
朝阳区
朝阳区
朝阳区
朝阳区
朝阳区
朝阳区
朝阳区
丰台区
丰台区
丰台区
丰台区
昌平区
昌平区
朝阳区
海淀区
海淀区
海淀区
海淀区
东城区
朝阳区
朝阳区
丰台区
丰台区
丰台区
丰台区
丰台区
丰台区
丰台区
丰台区
朝阳区
朝阳区
朝阳区
朝阳区
朝阳区
朝阳区
朝阳区
朝阳区
朝阳区
朝阳区
朝阳区
朝阳区
朝阳区
丰台区
丰台区
丰台区
丰台区
丰台区
朝阳区
东城区
东城区
东城区
丰台区
朝阳区
东城区
东城区
东城区
丰台区
朝阳区
朝阳区
朝阳区
朝阳区
朝阳区
东城区
东城区
东城区
东城区
东城区
朝阳区
朝阳区
朝阳区
朝阳区
朝阳区
朝阳区
朝阳区
朝阳区
朝阳区
朝阳区
朝阳区
朝阳区
朝阳区
朝阳区
朝阳区
朝阳区
朝阳区
朝阳区
朝阳区
朝阳区
西城区
西城区
西城区
西城区
西城区
丰台区
丰台区
丰台区
丰台区
丰台区
朝阳区
朝阳区
朝阳区
朝阳区
朝阳区
朝阳区
朝阳区
朝阳区
朝阳区
朝阳区
朝阳区
朝阳区
朝阳区
朝阳区
朝阳区
昌平区
昌平区
昌平区
石景山区
石景山区
石景山区
丰台区
朝阳区
朝阳区
朝阳区
丰台区
丰台区
丰台区
丰台区
海淀区
朝阳区
朝阳区
朝阳区
朝阳区
朝阳区
朝阳区
朝阳区
朝阳区
朝阳区
朝阳区
朝阳区
丰台区
丰台区
丰台区
丰台区
丰台区
丰台区
丰台区
丰台区
朝阳区
朝阳区
朝阳区
朝阳区
朝阳区
朝阳区
朝阳区
朝阳区
朝阳区
海淀区
海淀区
朝阳区
朝阳区
朝阳区
海淀区
海淀区
海淀区
海淀区
海淀区
海淀区
海淀区
海淀区
昌平区
昌平区
昌平区
朝阳区
朝阳区
朝阳区
朝阳区
东城区
东城区
朝阳区
朝阳区
朝阳区
东城区
东城区
朝阳区
朝阳区
朝阳区
朝阳区
朝阳区
朝阳区
朝阳区
石景山区
门头沟区
门头沟区
门头沟区
海淀区
丰台区
海淀区
海淀区
通州区
通州区
通州区
通州区
通州区
丰台区
丰台区
丰台区
朝阳区
朝阳区
朝阳区
朝阳区
朝阳区
朝阳区
朝阳区
朝阳区
朝阳区
朝阳区
朝阳区
朝阳区
朝阳区
朝阳区
海淀区
海淀区
海淀区
海淀区
海淀区
海淀区
海淀区
东城区
东城区
东城区
东城区
东城区
朝阳区
朝阳区
朝阳区
朝阳区
丰台区
丰台区
丰台区
丰台区
朝阳区
朝阳区
朝阳区
朝阳区
朝阳区
朝阳区
朝阳区
朝阳区
大兴区
大兴区
大兴区
大兴区
大兴区
丰台区
丰台区
丰台区
丰台区
丰台区
朝阳区
朝阳区
朝阳区
朝阳区
朝阳区
朝阳区
朝阳区
朝阳区
朝阳区
朝阳区
朝阳区
朝阳区
朝阳区
朝阳区
朝阳区
朝阳区
朝阳区
朝阳区
朝阳区
大兴区
大兴区
丰台区
丰台区
丰台区
朝阳区
朝阳区
朝阳区
朝阳区
朝阳区
朝阳区
朝阳区
朝阳区
朝阳区
朝阳区
朝阳区
朝阳区
朝阳区
朝阳区
朝阳区
朝阳区
朝阳区
朝阳区
朝阳区
朝阳区
朝阳区
朝阳区
朝阳区
朝阳区
朝阳区
朝阳区
朝阳区
朝阳区
朝阳区
朝阳区
朝阳区
朝阳区
朝阳区
朝阳区
朝阳区
朝阳区
朝阳区
朝阳区
朝阳区
朝阳区
朝阳区
朝阳区
朝阳区
丰台区
丰台区
丰台区
丰台区
丰台区
朝阳区
朝阳区
东城区
东城区
丰台区
丰台区
丰台区
丰台区
丰台区
丰台区
丰台区
丰台区
丰台区
丰台区
丰台区
丰台区
丰台区
丰台区
丰台区
丰台区
海淀区
海淀区
海淀区
海淀区
海淀区
朝阳区
顺义区
顺义区
顺义区
海淀区
海淀区
海淀区
海淀区
海淀区
丰台区
丰台区
丰台区
丰台区
丰台区
大兴区
大兴区
大兴区
朝阳区
朝阳区
朝阳区
朝阳区
朝阳区
朝阳区
朝阳区
朝阳区
朝阳区
朝阳区
朝阳区
朝阳区
朝阳区
朝阳区
朝阳区
朝阳区
朝阳区
朝阳区
朝阳区
朝阳区
朝阳区
朝阳区
东城区
丰台区
丰台区
丰台区
通州区
通州区
通州区
通州区
通州区
朝阳区
朝阳区
朝阳区
朝阳区
朝阳区
朝阳区
朝阳区
朝阳区
房山区
房山区
房山区
房山区
朝阳区
朝阳区
朝阳区
朝阳区
朝阳区
朝阳区
朝阳区
海淀区
海淀区
海淀区
海淀区
海淀区
丰台区
丰台区
丰台区
丰台区
丰台区
丰台区
丰台区
丰台区
丰台区
朝阳区
朝阳区
朝阳区
朝阳区
朝阳区
朝阳区
朝阳区
朝阳区
朝阳区
朝阳区
朝阳区
朝阳区
海淀区
海淀区
海淀区
海淀区
朝阳区
朝阳区
朝阳区
朝阳区
东城区
东城区
东城区
东城区
朝阳区
朝阳区
西城区
西城区
丰台区
丰台区
丰台区
西城区
西城区
丰台区
丰台区
丰台区
朝阳区
朝阳区
朝阳区
朝阳区
丰台区
丰台区
丰台区
丰台区
丰台区
丰台区
丰台区
丰台区
丰台区
丰台区
朝阳区
朝阳区
朝阳区
朝阳区
朝阳区
朝阳区
朝阳区
朝阳区
朝阳区
朝阳区
朝阳区
朝阳区
通州区
通州区
通州区
通州区
通州区
朝阳区
朝阳区
朝阳区
朝阳区
朝阳区
海淀区
海淀区
海淀区
海淀区
海淀区
朝阳区
朝阳区
朝阳区
朝阳区
海淀区
海淀区
海淀区
海淀区
海淀区
海淀区
海淀区
海淀区
海淀区
海淀区
大兴区
大兴区
大兴区
大兴区
丰台区
丰台区
丰台区
丰台区
丰台区
丰台区
丰台区
丰台区
丰台区
丰台区
东城区
东城区
东城区
东城区
东城区
东城区
东城区
东城区
东城区
东城区
丰台区
丰台区
朝阳区
丰台区
东城区
东城区
东城区
东城区
东城区
海淀区
海淀区
海淀区
海淀区
海淀区
海淀区
海淀区
海淀区
海淀区
丰台区
朝阳区
朝阳区
朝阳区
朝阳区
朝阳区
朝阳区
朝阳区
朝阳区
朝阳区
房山区
房山区
房山区
朝阳区
朝阳区
朝阳区
朝阳区
朝阳区
东城区
东城区
朝阳区
朝阳区
朝阳区
朝阳区
东城区
东城区
东城区
东城区
东城区
东城区
东城区
东城区
东城区
东城区
朝阳区
朝阳区
朝阳区
丰台区
丰台区
丰台区
丰台区
朝阳区
朝阳区
朝阳区
朝阳区
东城区
东城区
东城区
东城区
东城区
东城区
东城区
朝阳区
朝阳区
大兴区
通州区
通州区
通州区
通州区
西城区
西城区
西城区
西城区
朝阳区
朝阳区
朝阳区
丰台区
丰台区
丰台区
丰台区
丰台区
丰台区
丰台区
丰台区
丰台区
丰台区
丰台区
丰台区
丰台区
丰台区
丰台区
丰台区
丰台区
丰台区
丰台区
东城区
东城区
东城区
东城区
东城区
东城区
朝阳区
朝阳区
朝阳区
朝阳区
朝阳区
朝阳区
朝阳区
朝阳区
朝阳区
朝阳区
朝阳区
朝阳区
朝阳区
朝阳区
朝阳区
朝阳区
朝阳区
朝阳区
朝阳区
朝阳区
朝阳区
朝阳区
朝阳区
朝阳区
朝阳区
朝阳区
朝阳区
朝阳区
朝阳区
朝阳区
丰台区
丰台区
朝阳区
朝阳区
朝阳区
朝阳区
朝阳区
朝阳区
朝阳区
朝阳区
朝阳区
朝阳区
朝阳区
朝阳区
朝阳区
朝阳区
丰台区
丰台区
丰台区
丰台区
海淀区
海淀区
海淀区
朝阳区
朝阳区
朝阳区
朝阳区
朝阳区
朝阳区
朝阳区
昌平区
昌平区
昌平区
昌平区
昌平区
通州区
通州区
朝阳区
朝阳区
朝阳区
丰台区
朝阳区
朝阳区
朝阳区
丰台区
朝阳区
朝阳区
朝阳区
朝阳区
朝阳区
朝阳区
朝阳区
朝阳区
朝阳区
西城区
西城区
西城区
西城区
西城区
东城区
东城区
东城区
东城区
东城区
东城区
东城区
东城区
东城区
东城区
东城区
东城区
东城区
东城区
昌平区
昌平区
昌平区
昌平区
朝阳区
朝阳区
朝阳区
朝阳区
通州区
通州区
通州区
通州区
通州区
通州区
通州区
通州区
朝阳区
朝阳区
朝阳区
朝阳区
朝阳区
海淀区
海淀区
海淀区
丰台区
丰台区
丰台区
丰台区
西城区
东城区
东城区
海淀区
海淀区
海淀区
海淀区
朝阳区
朝阳区
朝阳区
朝阳区
海淀区
海淀区
海淀区
朝阳区
朝阳区
朝阳区
朝阳区
朝阳区
朝阳区
朝阳区
海淀区
海淀区
海淀区
海淀区
海淀区
海淀区
海淀区
海淀区
东城区
东城区
东城区
东城区
东城区
朝阳区
朝阳区
朝阳区
朝阳区
朝阳区
朝阳区
朝阳区
朝阳区
朝阳区
门头沟区
门头沟区
门头沟区
门头沟区
门头沟区
海淀区
海淀区
海淀区
海淀区
朝阳区
丰台区
丰台区
丰台区
房山区
房山区
朝阳区
朝阳区
朝阳区
朝阳区
朝阳区
丰台区
丰台区
丰台区
房山区
房山区
东城区
朝阳区
东城区
朝阳区
东城区
东城区
朝阳区
朝阳区
朝阳区
朝阳区
朝阳区
朝阳区
朝阳区
朝阳区
朝阳区
朝阳区
朝阳区
朝阳区
朝阳区
朝阳区
朝阳区
朝阳区
朝阳区
朝阳区
朝阳区
朝阳区
朝阳区
朝阳区
朝阳区
朝阳区
朝阳区
朝阳区
朝阳区
朝阳区
朝阳区
朝阳区
朝阳区
朝阳区
朝阳区
朝阳区
朝阳区
朝阳区
东城区
丰台区
丰台区
丰台区
朝阳区
东城区
东城区
东城区
东城区
朝阳区
朝阳区
朝阳区
朝阳区
丰台区
丰台区
丰台区
丰台区
丰台区
丰台区
海淀区
海淀区
海淀区
海淀区
海淀区
海淀区
丰台区
丰台区
丰台区
丰台区
丰台区
丰台区
丰台区
昌平区
昌平区
通州区
通州区
通州区
通州区
通州区
通州区
通州区
通州区
通州区
通州区
朝阳区
朝阳区
朝阳区
朝阳区
朝阳区
朝阳区
朝阳区
朝阳区
朝阳区
朝阳区
朝阳区
朝阳区
朝阳区
朝阳区
朝阳区
朝阳区
朝阳区
朝阳区
朝阳区
朝阳区
海淀区
海淀区
海淀区
海淀区
海淀区
海淀区
海淀区
海淀区
海淀区
朝阳区
朝阳区
朝阳区
朝阳区
朝阳区
朝阳区
朝阳区
朝阳区
朝阳区
朝阳区
朝阳区
朝阳区
朝阳区
朝阳区
朝阳区
朝阳区
朝阳区
朝阳区
朝阳区
丰台区
丰台区
朝阳区
朝阳区
朝阳区
朝阳区
朝阳区
朝阳区
朝阳区
朝阳区
朝阳区
朝阳区
朝阳区
朝阳区
朝阳区
朝阳区
朝阳区
朝阳区
丰台区
丰台区
丰台区
丰台区
朝阳区
朝阳区
朝阳区
朝阳区
朝阳区
朝阳区
朝阳区
朝阳区
东城区
东城区
东城区
丰台区
丰台区
丰台区
丰台区
丰台区
朝阳区
朝阳区
朝阳区
朝阳区
朝阳区
朝阳区
朝阳区
朝阳区
朝阳区
朝阳区
朝阳区
朝阳区
朝阳区
朝阳区
朝阳区
朝阳区
朝阳区
朝阳区
朝阳区
朝阳区
朝阳区
朝阳区
朝阳区
朝阳区
朝阳区
朝阳区
朝阳区
朝阳区
朝阳区
大兴区
大兴区
朝阳区
朝阳区
朝阳区
朝阳区
朝阳区
朝阳区
朝阳区
朝阳区
朝阳区
朝阳区
朝阳区
朝阳区
朝阳区
朝阳区
朝阳区
朝阳区
朝阳区
朝阳区
朝阳区
朝阳区
朝阳区
朝阳区
朝阳区
朝阳区
朝阳区
朝阳区
朝阳区
朝阳区
朝阳区
朝阳区
朝阳区
朝阳区
朝阳区
朝阳区
朝阳区
朝阳区
朝阳区
朝阳区
朝阳区
朝阳区
昌平区
昌平区
昌平区
昌平区
昌平区
朝阳区
丰台区
丰台区
丰台区
朝阳区
丰台区
丰台区
丰台区
通州区
通州区
通州区
通州区
通州区
顺义区
顺义区
顺义区
顺义区
顺义区
顺义区
顺义区
顺义区
丰台区
丰台区
丰台区
丰台区
丰台区
丰台区
丰台区
丰台区
丰台区
丰台区
丰台区
丰台区
丰台区
丰台区
西城区
海淀区
海淀区
朝阳区
朝阳区
朝阳区
朝阳区
朝阳区
大兴区
大兴区
大兴区
大兴区
大兴区
朝阳区
朝阳区
朝阳区
朝阳区
朝阳区
朝阳区
朝阳区
朝阳区
东城区
东城区
东城区
东城区
朝阳区
朝阳区
朝阳区
朝阳区
朝阳区
海淀区
海淀区
海淀区
海淀区
朝阳区
朝阳区
朝阳区
朝阳区
丰台区
丰台区
丰台区
丰台区
丰台区
丰台区
丰台区
丰台区
朝阳区
朝阳区
朝阳区
朝阳区
朝阳区
朝阳区
朝阳区
朝阳区
朝阳区
通州区
通州区
通州区
通州区
丰台区
丰台区
丰台区
丰台区
丰台区
大兴区
大兴区
通州区
通州区
通州区
通州区
通州区
通州区
通州区
通州区
东城区
东城区
东城区
东城区
朝阳区
朝阳区
朝阳区
朝阳区
朝阳区
朝阳区
朝阳区
朝阳区
海淀区
海淀区
海淀区
海淀区
海淀区
通州区
通州区
通州区
通州区
朝阳区
朝阳区
朝阳区
朝阳区
朝阳区
东城区
东城区
东城区
东城区
东城区
东城区
东城区
东城区
海淀区
朝阳区
朝阳区
朝阳区
朝阳区
朝阳区
朝阳区
朝阳区
朝阳区
朝阳区
朝阳区
朝阳区
朝阳区
朝阳区
朝阳区
通州区
通州区
通州区
朝阳区
朝阳区
朝阳区
朝阳区
朝阳区
朝阳区
朝阳区
朝阳区
朝阳区
朝阳区
朝阳区
朝阳区
朝阳区
朝阳区
朝阳区
朝阳区
朝阳区
朝阳区
朝阳区
朝阳区
朝阳区
朝阳区
朝阳区
朝阳区
朝阳区
朝阳区
朝阳区
朝阳区
朝阳区
大兴区
大兴区
大兴区
大兴区
朝阳区
朝阳区
朝阳区
朝阳区
朝阳区
朝阳区
朝阳区
朝阳区
丰台区
丰台区
丰台区
丰台区
丰台区
朝阳区
朝阳区
朝阳区
朝阳区
朝阳区
东城区
东城区
东城区
东城区
东城区
朝阳区
朝阳区
朝阳区
朝阳区
通州区
通州区
通州区
通州区
通州区
丰台区
丰台区
丰台区
丰台区
丰台区
丰台区
丰台区
丰台区
丰台区
朝阳区
朝阳区
朝阳区
朝阳区
朝阳区
朝阳区
朝阳区
朝阳区
朝阳区
朝阳区
朝阳区
朝阳区
朝阳区
朝阳区
东城区
东城区
东城区
朝阳区
朝阳区
朝阳区
朝阳区
东城区
朝阳区
东城区
东城区
东城区
东城区
东城区
朝阳区
通州区
通州区
朝阳区
朝阳区
朝阳区
朝阳区
朝阳区
朝阳区
大兴区
大兴区
大兴区
朝阳区
朝阳区
朝阳区
朝阳区
朝阳区
朝阳区
朝阳区
朝阳区
朝阳区
朝阳区
朝阳区
朝阳区
朝阳区
朝阳区
朝阳区
朝阳区
朝阳区
朝阳区
朝阳区
昌平区
昌平区
昌平区
昌平区
昌平区
房山区
房山区
房山区
朝阳区
朝阳区
朝阳区
朝阳区
朝阳区
海淀区
海淀区
朝阳区
朝阳区
朝阳区
朝阳区
朝阳区
海淀区
海淀区
海淀区
海淀区
东城区
东城区
东城区
东城区
东城区
东城区
东城区
东城区
东城区
朝阳区
朝阳区
朝阳区
朝阳区
朝阳区
朝阳区
朝阳区
朝阳区
朝阳区
东城区
东城区
朝阳区
朝阳区
朝阳区
东城区
东城区
朝阳区
朝阳区
朝阳区
朝阳区
朝阳区
朝阳区
丰台区
丰台区
丰台区
丰台区
丰台区
丰台区
丰台区
丰台区
通州区
通州区
通州区
通州区
通州区
海淀区
海淀区
海淀区
海淀区
西城区
西城区
东城区
朝阳区
朝阳区
朝阳区
朝阳区
朝阳区
朝阳区
朝阳区
朝阳区
朝阳区
朝阳区
朝阳区
朝阳区
大兴区
大兴区
大兴区
大兴区
西城区
西城区
西城区
西城区
西城区
西城区
西城区
西城区
西城区
朝阳区
朝阳区
朝阳区
朝阳区
大兴区
大兴区
大兴区
大兴区
朝阳区
朝阳区
朝阳区
朝阳区
海淀区
海淀区
海淀区
海淀区
海淀区
海淀区
海淀区
海淀区
海淀区
海淀区
海淀区
通州区
通州区
通州区
通州区
通州区
朝阳区
朝阳区
朝阳区
朝阳区
朝阳区
海淀区
海淀区
海淀区
海淀区
东城区
东城区
朝阳区
东城区
丰台区
丰台区
丰台区
丰台区
丰台区
丰台区
丰台区
丰台区
丰台区
丰台区
朝阳区
朝阳区
丰台区
丰台区
丰台区
丰台区
丰台区
海淀区
海淀区
海淀区
海淀区
海淀区
丰台区
丰台区
丰台区
丰台区
丰台区
丰台区
丰台区
丰台区
丰台区
丰台区
东城区
东城区
朝阳区
朝阳区
通州区
大兴区
大兴区
大兴区
朝阳区
朝阳区
朝阳区
东城区
东城区
东城区
大兴区
大兴区
大兴区
大兴区
丰台区
丰台区
丰台区
丰台区
丰台区
丰台区
通州区
通州区
通州区
通州区
朝阳区
朝阳区
朝阳区
丰台区
丰台区
丰台区
丰台区
丰台区
海淀区
海淀区
海淀区
海淀区
海淀区
海淀区
海淀区
海淀区
东城区
东城区
东城区
东城区
东城区
朝阳区
朝阳区
朝阳区
朝阳区
朝阳区
朝阳区
朝阳区
朝阳区
朝阳区
朝阳区
朝阳区
朝阳区
朝阳区
朝阳区
朝阳区
朝阳区
朝阳区
朝阳区
海淀区
海淀区
海淀区
朝阳区
朝阳区
朝阳区
朝阳区
朝阳区
朝阳区
朝阳区
朝阳区
丰台区
丰台区
丰台区
丰台区
丰台区
通州区
通州区
大兴区
通州区
通州区
朝阳区
朝阳区
朝阳区
朝阳区
朝阳区
朝阳区
朝阳区
朝阳区
朝阳区
朝阳区
朝阳区
朝阳区
朝阳区
朝阳区
朝阳区
朝阳区
朝阳区
朝阳区
朝阳区
朝阳区
朝阳区
朝阳区
西城区
海淀区
海淀区
西城区
西城区
朝阳区
朝阳区
朝阳区
朝阳区
朝阳区
东城区
朝阳区
朝阳区
朝阳区
朝阳区
东城区
丰台区
东城区
东城区
东城区
东城区
东城区
东城区
东城区
东城区
朝阳区
朝阳区
朝阳区
朝阳区
朝阳区
丰台区
丰台区
丰台区
丰台区
丰台区
东城区
丰台区
丰台区
朝阳区
朝阳区
朝阳区
朝阳区
朝阳区
朝阳区
朝阳区
朝阳区
朝阳区
朝阳区
朝阳区
朝阳区
朝阳区
朝阳区
朝阳区
东城区
朝阳区
朝阳区
东城区
朝阳区
丰台区
丰台区
丰台区
丰台区
丰台区
朝阳区
朝阳区
朝阳区
朝阳区
朝阳区
朝阳区
朝阳区
朝阳区
东城区
东城区
东城区
东城区
东城区
东城区
东城区
海淀区
丰台区
东城区
东城区
东城区
东城区
东城区
东城区
丰台区
丰台区
丰台区
丰台区
朝阳区
丰台区
丰台区
丰台区
房山区
朝阳区
朝阳区
朝阳区
朝阳区
朝阳区
朝阳区
朝阳区
朝阳区
朝阳区
朝阳区
朝阳区
朝阳区
丰台区
丰台区
丰台区
丰台区
丰台区
丰台区
丰台区
朝阳区
朝阳区
朝阳区
朝阳区
朝阳区
朝阳区
朝阳区
朝阳区
朝阳区
朝阳区
朝阳区
朝阳区
朝阳区
丰台区
朝阳区
朝阳区
西城区
大兴区
大兴区
大兴区
丰台区
大兴区
朝阳区
朝阳区
朝阳区
朝阳区
朝阳区
朝阳区
朝阳区
朝阳区
顺义区
顺义区
朝阳区
朝阳区
朝阳区
朝阳区
朝阳区
丰台区
丰台区
丰台区
东城区
东城区
东城区
丰台区
丰台区
丰台区
东城区
东城区
朝阳区
朝阳区
朝阳区
朝阳区
朝阳区
朝阳区
朝阳区
朝阳区
朝阳区
朝阳区
朝阳区
朝阳区
朝阳区
朝阳区
朝阳区
朝阳区
朝阳区
大兴区
朝阳区
朝阳区
朝阳区
朝阳区
朝阳区
东城区
东城区
东城区
东城区
朝阳区
海淀区
海淀区
朝阳区
朝阳区
朝阳区
朝阳区
朝阳区
朝阳区
朝阳区
朝阳区
朝阳区
朝阳区
朝阳区
朝阳区
朝阳区
朝阳区
朝阳区
朝阳区
朝阳区
朝阳区
朝阳区
朝阳区
朝阳区
朝阳区
朝阳区
东城区
东城区
东城区
丰台区
东城区
朝阳区
朝阳区
朝阳区
朝阳区
朝阳区
朝阳区
朝阳区
朝阳区
朝阳区
西城区
西城区
西城区
西城区
西城区
朝阳区
朝阳区
朝阳区
朝阳区
朝阳区
朝阳区
朝阳区
朝阳区
朝阳区
朝阳区
朝阳区
朝阳区
丰台区
丰台区
丰台区
丰台区
丰台区
丰台区
丰台区
丰台区
丰台区
丰台区
丰台区
丰台区
丰台区
丰台区
丰台区
丰台区
丰台区
丰台区
丰台区
丰台区
昌平区
昌平区
昌平区
昌平区
朝阳区
朝阳区
朝阳区
朝阳区
朝阳区
朝阳区
朝阳区
朝阳区
朝阳区
朝阳区
朝阳区
朝阳区
朝阳区
朝阳区
丰台区
丰台区
丰台区
丰台区
房山区
房山区
房山区
房山区
房山区
通州区
朝阳区
朝阳区
西城区
西城区
朝阳区
朝阳区
西城区
西城区
朝阳区
朝阳区
朝阳区
朝阳区
朝阳区
朝阳区
朝阳区
朝阳区
朝阳区
朝阳区
石景山区
石景山区
石景山区
石景山区
石景山区
朝阳区
西城区
朝阳区
朝阳区
西城区
朝阳区
朝阳区
朝阳区
朝阳区
朝阳区
朝阳区
朝阳区
朝阳区
朝阳区
朝阳区
朝阳区
朝阳区
朝阳区
朝阳区
朝阳区
朝阳区
朝阳区
朝阳区
朝阳区
朝阳区
朝阳区
朝阳区
朝阳区
朝阳区
朝阳区
朝阳区
朝阳区
朝阳区
朝阳区
朝阳区
朝阳区
朝阳区
朝阳区
朝阳区
朝阳区
朝阳区
房山区
房山区
房山区
房山区
房山区
房山区
房山区
房山区
东城区
东城区
东城区
东城区
海淀区
海淀区
海淀区
海淀区
通州区
通州区
通州区
通州区
通州区
通州区
朝阳区
朝阳区
朝阳区
朝阳区
通州区
大兴区
朝阳区
朝阳区
朝阳区
朝阳区
朝阳区
朝阳区
朝阳区
朝阳区
朝阳区
朝阳区
东城区
朝阳区
朝阳区
朝阳区
朝阳区
朝阳区
东城区
东城区
东城区
东城区
朝阳区
朝阳区
朝阳区
朝阳区
朝阳区
朝阳区
丰台区
丰台区
丰台区
丰台区
朝阳区
朝阳区
朝阳区
朝阳区
丰台区
丰台区
丰台区
丰台区
丰台区
通州区
通州区
通州区
通州区
通州区
通州区
通州区
通州区
通州区
朝阳区
朝阳区
朝阳区
朝阳区
朝阳区
丰台区
丰台区
丰台区
丰台区
海淀区
海淀区
海淀区
丰台区
丰台区
丰台区
丰台区
丰台区
丰台区
丰台区
丰台区
丰台区
丰台区
丰台区
丰台区
丰台区
丰台区
丰台区
丰台区
丰台区
丰台区
丰台区
丰台区
丰台区
丰台区
丰台区
朝阳区
朝阳区
朝阳区
朝阳区
朝阳区
朝阳区
朝阳区
朝阳区
朝阳区
丰台区
丰台区
西城区
丰台区
丰台区
丰台区
丰台区
西城区
丰台区
丰台区
丰台区
丰台区
丰台区
丰台区
丰台区
大兴区
大兴区
丰台区
大兴区
大兴区
丰台区
海淀区
海淀区
海淀区
海淀区
海淀区
丰台区
丰台区
丰台区
丰台区
朝阳区
朝阳区
朝阳区
朝阳区
房山区
房山区
房山区
房山区
海淀区
海淀区
海淀区
朝阳区
朝阳区
朝阳区
朝阳区
朝阳区
朝阳区
朝阳区
朝阳区
朝阳区
朝阳区
朝阳区
东城区
东城区
东城区
朝阳区
朝阳区
朝阳区
朝阳区
丰台区
丰台区
丰台区
丰台区
丰台区
丰台区
丰台区
丰台区
朝阳区
朝阳区
朝阳区
朝阳区
朝阳区
房山区
房山区
房山区
通州区
通州区
通州区
通州区
通州区
通州区
通州区
通州区
通州区
通州区
通州区
通州区
通州区
通州区
通州区
通州区
东城区
东城区
东城区
东城区
朝阳区
朝阳区
朝阳区
朝阳区
通州区
通州区
通州区
通州区
通州区
通州区
通州区
通州区
通州区
通州区
通州区
通州区
通州区
通州区
通州区
通州区
通州区
通州区
通州区
通州区
通州区
通州区
通州区
通州区
通州区
通州区
通州区
通州区
通州区
东城区
东城区
东城区
东城区
东城区
东城区
东城区
东城区
东城区
丰台区
丰台区
丰台区
丰台区
海淀区
海淀区
海淀区
朝阳区
朝阳区
朝阳区
朝阳区
朝阳区
朝阳区
朝阳区
朝阳区
朝阳区
朝阳区
朝阳区
朝阳区
朝阳区
朝阳区
朝阳区
朝阳区
朝阳区
朝阳区
朝阳区
朝阳区
朝阳区
朝阳区
朝阳区
朝阳区
朝阳区
朝阳区
朝阳区
朝阳区
丰台区
丰台区
海淀区
海淀区
海淀区
海淀区
海淀区
海淀区
海淀区
海淀区
东城区
东城区
东城区
朝阳区
朝阳区
朝阳区
朝阳区
海淀区
海淀区
海淀区
海淀区
海淀区
海淀区
海淀区
海淀区
海淀区
海淀区
朝阳区
朝阳区
朝阳区
朝阳区
朝阳区
朝阳区
朝阳区
朝阳区
朝阳区
朝阳区
朝阳区
朝阳区
东城区
东城区
朝阳区
大兴区
大兴区
大兴区
大兴区
大兴区
大兴区
大兴区
大兴区
大兴区
大兴区
丰台区
丰台区
丰台区
丰台区
丰台区
丰台区
丰台区
丰台区
朝阳区
朝阳区
朝阳区
朝阳区
朝阳区
朝阳区
朝阳区
朝阳区
石景山区
朝阳区
朝阳区
朝阳区
朝阳区
朝阳区
朝阳区
朝阳区
朝阳区
朝阳区
朝阳区
朝阳区
朝阳区
朝阳区
朝阳区
朝阳区
朝阳区
朝阳区
朝阳区
朝阳区
朝阳区
朝阳区
朝阳区
朝阳区
朝阳区
朝阳区
朝阳区
朝阳区
朝阳区
朝阳区
朝阳区
朝阳区
朝阳区
朝阳区
朝阳区
朝阳区
朝阳区
朝阳区
朝阳区
朝阳区
朝阳区
朝阳区
朝阳区
朝阳区
朝阳区
通州区
通州区
通州区
通州区
朝阳区
朝阳区
朝阳区
朝阳区
朝阳区
朝阳区
朝阳区
朝阳区
朝阳区
朝阳区
朝阳区
朝阳区
朝阳区
朝阳区
朝阳区
朝阳区
朝阳区
朝阳区
朝阳区
海淀区
海淀区
海淀区
海淀区
海淀区
东城区
东城区
东城区
东城区
东城区
东城区
东城区
东城区
东城区
东城区
朝阳区
朝阳区
朝阳区
朝阳区
朝阳区
朝阳区
朝阳区
朝阳区
朝阳区
朝阳区
朝阳区
朝阳区
朝阳区
朝阳区
朝阳区
朝阳区
朝阳区
朝阳区
朝阳区
朝阳区
朝阳区
朝阳区
朝阳区
朝阳区
朝阳区
朝阳区
朝阳区
朝阳区
朝阳区
朝阳区
朝阳区
海淀区
海淀区
海淀区
海淀区
海淀区
海淀区
丰台区
丰台区
丰台区
丰台区
丰台区
海淀区
海淀区
海淀区
海淀区
朝阳区
朝阳区
朝阳区
朝阳区
朝阳区
朝阳区
朝阳区
海淀区
海淀区
海淀区
海淀区
海淀区
海淀区
海淀区
海淀区
朝阳区
朝阳区
朝阳区
朝阳区
朝阳区
朝阳区
朝阳区
朝阳区
朝阳区
朝阳区
朝阳区
朝阳区
朝阳区
朝阳区
朝阳区
朝阳区
朝阳区
朝阳区
海淀区
海淀区
海淀区
海淀区
海淀区
海淀区
海淀区
海淀区
海淀区
海淀区
朝阳区
朝阳区
朝阳区
朝阳区
朝阳区
朝阳区
朝阳区
朝阳区
朝阳区
朝阳区
朝阳区
朝阳区
朝阳区
朝阳区
朝阳区
大兴区
大兴区
大兴区
海淀区
海淀区
西城区
朝阳区
朝阳区
朝阳区
朝阳区
朝阳区
朝阳区
朝阳区
朝阳区
朝阳区
朝阳区
朝阳区
海淀区
海淀区
海淀区
海淀区
海淀区
朝阳区
朝阳区
朝阳区
朝阳区
朝阳区
朝阳区
朝阳区
朝阳区
朝阳区
朝阳区
朝阳区
朝阳区
朝阳区
朝阳区
朝阳区
朝阳区
丰台区
东城区
东城区
东城区
东城区
丰台区
丰台区
东城区
东城区
东城区
丰台区
丰台区
丰台区
丰台区
丰台区
丰台区
丰台区
丰台区
丰台区
西城区
海淀区
西城区
朝阳区
朝阳区
朝阳区
朝阳区
朝阳区
朝阳区
朝阳区
朝阳区
朝阳区
朝阳区
朝阳区
朝阳区
大兴区
大兴区
大兴区
大兴区
朝阳区
朝阳区
朝阳区
朝阳区
朝阳区
朝阳区
朝阳区
朝阳区
朝阳区
朝阳区
朝阳区
朝阳区
朝阳区
朝阳区
朝阳区
朝阳区
朝阳区
朝阳区
朝阳区
朝阳区
朝阳区
朝阳区
朝阳区
朝阳区
朝阳区
朝阳区
朝阳区
朝阳区
朝阳区
朝阳区
朝阳区
朝阳区
朝阳区
朝阳区
朝阳区
朝阳区
朝阳区
朝阳区
朝阳区
朝阳区
朝阳区
西城区
西城区
朝阳区
西城区
西城区
海淀区
海淀区
海淀区
海淀区
海淀区
丰台区
丰台区
丰台区
丰台区
丰台区
朝阳区
朝阳区
朝阳区
朝阳区
朝阳区
朝阳区
东城区
东城区
东城区
朝阳区
朝阳区
朝阳区
朝阳区
朝阳区
朝阳区
朝阳区
朝阳区
朝阳区
朝阳区
朝阳区
朝阳区
通州区
通州区
通州区
通州区
丰台区
丰台区
丰台区
丰台区
丰台区
丰台区
丰台区
丰台区
丰台区
丰台区
朝阳区
朝阳区
朝阳区
朝阳区
朝阳区
大兴区
大兴区
大兴区
大兴区
大兴区
丰台区
丰台区
丰台区
丰台区
丰台区
朝阳区
朝阳区
朝阳区
朝阳区
朝阳区
朝阳区
朝阳区
朝阳区
朝阳区
朝阳区
朝阳区
朝阳区
朝阳区
朝阳区
朝阳区
朝阳区
朝阳区
朝阳区
昌平区
朝阳区
朝阳区
朝阳区
朝阳区
朝阳区
朝阳区
朝阳区
朝阳区
朝阳区
朝阳区
朝阳区
朝阳区
丰台区
丰台区
丰台区
丰台区
海淀区
海淀区
朝阳区
朝阳区
朝阳区
朝阳区
朝阳区
朝阳区
朝阳区
朝阳区
朝阳区
朝阳区
朝阳区
朝阳区
朝阳区
朝阳区
东城区
朝阳区
朝阳区
通州区
通州区
通州区
通州区
通州区
通州区
房山区
房山区
房山区
房山区
朝阳区
朝阳区
朝阳区
朝阳区
朝阳区
朝阳区
海淀区
海淀区
海淀区
丰台区
丰台区
丰台区
丰台区
丰台区
丰台区
朝阳区
丰台区
通州区
朝阳区
丰台区
通州区
朝阳区
朝阳区
朝阳区
朝阳区
朝阳区
朝阳区
朝阳区
朝阳区
朝阳区
朝阳区
朝阳区
朝阳区
西城区
西城区
西城区
西城区
西城区
朝阳区
海淀区
朝阳区
海淀区
朝阳区
朝阳区
朝阳区
朝阳区
朝阳区
朝阳区
朝阳区
朝阳区
朝阳区
朝阳区
朝阳区
朝阳区
东城区
东城区
东城区
东城区
朝阳区
朝阳区
朝阳区
朝阳区
朝阳区
海淀区
海淀区
海淀区
海淀区
海淀区
丰台区
丰台区
丰台区
丰台区
西城区
西城区
朝阳区
朝阳区
朝阳区
朝阳区
朝阳区
朝阳区
朝阳区
朝阳区
朝阳区
朝阳区
西城区
西城区
西城区
昌平区
昌平区
昌平区
昌平区
昌平区
朝阳区
大兴区
大兴区
大兴区
海淀区
海淀区
海淀区
海淀区
海淀区
海淀区
海淀区
海淀区
丰台区
丰台区
丰台区
丰台区
丰台区
海淀区
海淀区
海淀区
海淀区
朝阳区
朝阳区
朝阳区
朝阳区
朝阳区
朝阳区
朝阳区
朝阳区
朝阳区
朝阳区
朝阳区
朝阳区
朝阳区
朝阳区
朝阳区
朝阳区
朝阳区
朝阳区
朝阳区
朝阳区
朝阳区
朝阳区
朝阳区
朝阳区
朝阳区
朝阳区
朝阳区
朝阳区
朝阳区
海淀区
海淀区
海淀区
朝阳区
朝阳区
朝阳区
朝阳区
朝阳区
朝阳区
石景山区
石景山区
石景山区
朝阳区
朝阳区
朝阳区
朝阳区
朝阳区
朝阳区
朝阳区
朝阳区
朝阳区
丰台区
丰台区
丰台区
丰台区
丰台区
丰台区
丰台区
丰台区
丰台区
丰台区
朝阳区
朝阳区
朝阳区
朝阳区
朝阳区
朝阳区
朝阳区
朝阳区
朝阳区
朝阳区
朝阳区
朝阳区
朝阳区
朝阳区
朝阳区
朝阳区
朝阳区
朝阳区
朝阳区
朝阳区
朝阳区
通州区
通州区
通州区
通州区
通州区
通州区
通州区
通州区
朝阳区
朝阳区
朝阳区
朝阳区
朝阳区
朝阳区
丰台区
丰台区
丰台区
朝阳区
丰台区
丰台区
丰台区
丰台区
朝阳区
丰台区
丰台区
丰台区
丰台区
朝阳区
丰台区
丰台区
丰台区
丰台区
朝阳区
丰台区
丰台区
丰台区
丰台区
朝阳区
丰台区
丰台区
丰台区
丰台区
朝阳区
丰台区
朝阳区
朝阳区
朝阳区
朝阳区
朝阳区
朝阳区
朝阳区
朝阳区
朝阳区
朝阳区
朝阳区
朝阳区
朝阳区
朝阳区
朝阳区
朝阳区
朝阳区
朝阳区
朝阳区
朝阳区
朝阳区
朝阳区
朝阳区
朝阳区
朝阳区
朝阳区
丰台区
丰台区
大兴区
海淀区
海淀区
大兴区
海淀区
海淀区
石景山区
石景山区
丰台区
丰台区
大兴区
海淀区
海淀区
丰台区
丰台区
大兴区
海淀区
海淀区
丰台区
丰台区
大兴区
海淀区
海淀区
丰台区
丰台区
大兴区
海淀区
海淀区
丰台区
丰台区
大兴区
海淀区
海淀区
大兴区
海淀区
海淀区
石景山区
石景山区
丰台区
丰台区
丰台区
丰台区
丰台区
朝阳区
朝阳区
朝阳区
朝阳区
朝阳区
朝阳区
朝阳区
朝阳区
昌平区
昌平区
昌平区
东城区
东城区
东城区
东城区
东城区
东城区
东城区
东城区
朝阳区
朝阳区
朝阳区
朝阳区
朝阳区
朝阳区
朝阳区
朝阳区
朝阳区
朝阳区
朝阳区
朝阳区
朝阳区
朝阳区
朝阳区
通州区
通州区
通州区
大兴区
通州区
朝阳区
朝阳区
朝阳区
朝阳区
朝阳区
朝阳区
朝阳区
朝阳区
朝阳区
朝阳区
朝阳区
朝阳区
朝阳区
朝阳区
朝阳区
朝阳区
朝阳区
朝阳区
朝阳区
朝阳区
丰台区
丰台区
丰台区
朝阳区
朝阳区
朝阳区
朝阳区
朝阳区
朝阳区
朝阳区
朝阳区
朝阳区
朝阳区
丰台区
西城区
西城区
西城区
西城区
丰台区
西城区
西城区
西城区
西城区
东城区
东城区
东城区
朝阳区
朝阳区
东城区
东城区
东城区
朝阳区
朝阳区
丰台区
丰台区
丰台区
丰台区
丰台区
涞水县
朝阳区
朝阳区
朝阳区
朝阳区
朝阳区
朝阳区
朝阳区
朝阳区
朝阳区
朝阳区
朝阳区
朝阳区
朝阳区
朝阳区
朝阳区
朝阳区
朝阳区
朝阳区
朝阳区
丰台区
丰台区
丰台区
丰台区
丰台区
丰台区
丰台区
丰台区
朝阳区
东城区
东城区
朝阳区
朝阳区
丰台区
丰台区
丰台区
丰台区
丰台区
丰台区
丰台区
朝阳区
朝阳区
朝阳区
朝阳区
丰台区
丰台区
丰台区
丰台区
丰台区
丰台区
丰台区
朝阳区
朝阳区
朝阳区
丰台区
丰台区
朝阳区
朝阳区
朝阳区
朝阳区
朝阳区
朝阳区
朝阳区
朝阳区
西城区
西城区
西城区
西城区
西城区
朝阳区
朝阳区
朝阳区
朝阳区
朝阳区
朝阳区
朝阳区
朝阳区
朝阳区
朝阳区
朝阳区
朝阳区
朝阳区
朝阳区
朝阳区
朝阳区
朝阳区
朝阳区
朝阳区
朝阳区
朝阳区
朝阳区
朝阳区
朝阳区
朝阳区
朝阳区
朝阳区
朝阳区
丰台区
门头沟区
丰台区
丰台区
丰台区
丰台区
丰台区
丰台区
丰台区
丰台区
丰台区
朝阳区
朝阳区
朝阳区
朝阳区
朝阳区
朝阳区
朝阳区
朝阳区
朝阳区
朝阳区
朝阳区
朝阳区
朝阳区
丰台区
丰台区
海淀区
海淀区
海淀区
海淀区
朝阳区
朝阳区
朝阳区
朝阳区
朝阳区
朝阳区
朝阳区
东城区
东城区
东城区
东城区
东城区
东城区
东城区
东城区
东城区
东城区
东城区
东城区
东城区
东城区
东城区
东城区
东城区
东城区
东城区
东城区
大兴区
大兴区
大兴区
大兴区
大兴区
大兴区
大兴区
大兴区
大兴区
大兴区
大兴区
大兴区
大兴区
大兴区
大兴区
大兴区
大兴区
大兴区
大兴区
大兴区
朝阳区
朝阳区
朝阳区
朝阳区
朝阳区
朝阳区
朝阳区
朝阳区
朝阳区
朝阳区
通州区
通州区
通州区
通州区
通州区
海淀区
海淀区
海淀区
海淀区
海淀区
海淀区
昌平区
昌平区
昌平区
朝阳区
朝阳区
朝阳区
朝阳区
朝阳区
朝阳区
朝阳区
朝阳区
昌平区
朝阳区
朝阳区
朝阳区
东城区
东城区
朝阳区
朝阳区
朝阳区
朝阳区
朝阳区
朝阳区
朝阳区
朝阳区
朝阳区
朝阳区
朝阳区
朝阳区
朝阳区
朝阳区
朝阳区
东城区
通州区
通州区
通州区
东城区
通州区
通州区
通州区
朝阳区
朝阳区
朝阳区
朝阳区
朝阳区
朝阳区
朝阳区
朝阳区
朝阳区
朝阳区
西城区
西城区
西城区
西城区
朝阳区
朝阳区
朝阳区
朝阳区
朝阳区
朝阳区
朝阳区
朝阳区
朝阳区
朝阳区
昌平区
昌平区
昌平区
昌平区
昌平区
朝阳区
朝阳区
朝阳区
大兴区
大兴区
大兴区
大兴区
朝阳区
朝阳区
朝阳区
东城区
东城区
东城区
东城区
东城区
东城区
东城区
东城区
东城区
东城区
朝阳区
朝阳区
朝阳区
朝阳区
朝阳区
朝阳区
朝阳区
朝阳区
朝阳区
朝阳区
昌平区
海淀区
昌平区
昌平区
朝阳区
朝阳区
朝阳区
朝阳区
朝阳区
朝阳区
朝阳区
朝阳区
朝阳区
朝阳区
朝阳区
朝阳区
朝阳区
朝阳区
朝阳区
朝阳区
朝阳区
朝阳区
朝阳区
朝阳区
朝阳区
朝阳区
朝阳区
朝阳区
朝阳区
朝阳区
朝阳区
朝阳区
朝阳区
朝阳区
朝阳区
朝阳区
朝阳区
朝阳区
朝阳区
朝阳区
朝阳区
朝阳区
朝阳区
海淀区
海淀区
海淀区
海淀区
丰台区
大兴区
大兴区
大兴区
东城区
东城区
东城区
东城区
朝阳区
朝阳区
朝阳区
朝阳区
朝阳区
朝阳区
朝阳区
朝阳区
朝阳区
朝阳区
朝阳区
朝阳区
朝阳区
朝阳区
朝阳区
朝阳区
朝阳区
朝阳区
朝阳区
朝阳区
朝阳区
朝阳区
朝阳区
朝阳区
朝阳区
朝阳区
朝阳区
丰台区
丰台区
丰台区
丰台区
丰台区
朝阳区
朝阳区
朝阳区
朝阳区
丰台区
朝阳区
朝阳区
朝阳区
朝阳区
朝阳区
朝阳区
朝阳区
东城区
朝阳区
朝阳区
朝阳区
朝阳区
朝阳区
朝阳区
朝阳区
朝阳区
朝阳区
朝阳区
朝阳区
朝阳区
朝阳区
朝阳区
朝阳区
朝阳区
朝阳区
朝阳区
朝阳区
朝阳区
朝阳区
朝阳区
昌平区
昌平区
昌平区
昌平区
昌平区
昌平区
昌平区
昌平区
朝阳区
朝阳区
朝阳区
东城区
东城区
东城区
东城区
东城区
海淀区
海淀区
海淀区
海淀区
海淀区
朝阳区
朝阳区
朝阳区
朝阳区
朝阳区
朝阳区
朝阳区
朝阳区
朝阳区
朝阳区
朝阳区
朝阳区
朝阳区
朝阳区
朝阳区
朝阳区
朝阳区
朝阳区
朝阳区
朝阳区
朝阳区
朝阳区
朝阳区
朝阳区
朝阳区
朝阳区
朝阳区
朝阳区
朝阳区
朝阳区
朝阳区
朝阳区
朝阳区
朝阳区
朝阳区
朝阳区
朝阳区
朝阳区
海淀区
海淀区
丰台区
丰台区
丰台区
丰台区
朝阳区
朝阳区
朝阳区
朝阳区
丰台区
丰台区
丰台区
丰台区
丰台区
海淀区
昌平区
昌平区
海淀区
朝阳区
朝阳区
东城区
东城区
东城区
东城区
朝阳区
朝阳区
朝阳区
朝阳区
朝阳区
朝阳区
朝阳区
朝阳区
朝阳区
朝阳区
朝阳区
朝阳区
朝阳区
朝阳区
朝阳区
朝阳区
朝阳区
朝阳区
丰台区
丰台区
丰台区
丰台区
丰台区
丰台区
丰台区
丰台区
丰台区
东城区
朝阳区
朝阳区
朝阳区
朝阳区
东城区
朝阳区
朝阳区
朝阳区
朝阳区
朝阳区
朝阳区
朝阳区
朝阳区
朝阳区
朝阳区
朝阳区
朝阳区
朝阳区
海淀区
海淀区
海淀区
海淀区
昌平区
朝阳区
朝阳区
朝阳区
朝阳区
海淀区
海淀区
海淀区
海淀区
海淀区
朝阳区
朝阳区
朝阳区
朝阳区
朝阳区
朝阳区
朝阳区
朝阳区
朝阳区
朝阳区
朝阳区
朝阳区
朝阳区
朝阳区
朝阳区
丰台区
丰台区
丰台区
丰台区
丰台区
朝阳区
朝阳区
朝阳区
朝阳区
朝阳区
朝阳区
朝阳区
朝阳区
朝阳区
丰台区
丰台区
丰台区
丰台区
朝阳区
朝阳区
朝阳区
朝阳区
朝阳区
朝阳区
朝阳区
朝阳区
朝阳区
朝阳区
朝阳区
朝阳区
朝阳区
朝阳区
朝阳区
朝阳区
朝阳区
朝阳区
朝阳区
朝阳区
朝阳区
朝阳区
朝阳区
朝阳区
朝阳区
朝阳区
朝阳区
朝阳区
朝阳区
朝阳区
朝阳区
朝阳区
昌平区
昌平区
昌平区
昌平区
朝阳区
朝阳区
朝阳区
朝阳区
朝阳区
朝阳区
朝阳区
朝阳区
朝阳区
大兴区
大兴区
大兴区
大兴区
大兴区
朝阳区
朝阳区
朝阳区
朝阳区
朝阳区
朝阳区
朝阳区
朝阳区
朝阳区
朝阳区
朝阳区
朝阳区
朝阳区
朝阳区
朝阳区
朝阳区
海淀区
海淀区
海淀区
海淀区
大兴区
大兴区
大兴区
大兴区
大兴区
朝阳区
朝阳区
朝阳区
朝阳区
朝阳区
朝阳区
朝阳区
朝阳区
朝阳区
朝阳区
朝阳区
海淀区
海淀区
海淀区
海淀区
海淀区
朝阳区
朝阳区
朝阳区
朝阳区
朝阳区
朝阳区
朝阳区
朝阳区
朝阳区
朝阳区
朝阳区
朝阳区
朝阳区
朝阳区
朝阳区
朝阳区
朝阳区
朝阳区
朝阳区
朝阳区
朝阳区
朝阳区
昌平区
昌平区
昌平区
昌平区
朝阳区
朝阳区
朝阳区
朝阳区
朝阳区
朝阳区
朝阳区
朝阳区
昌平区
昌平区
昌平区
昌平区
丰台区
丰台区
丰台区
丰台区
昌平区
昌平区
昌平区
昌平区
朝阳区
朝阳区
朝阳区
朝阳区
朝阳区
朝阳区
朝阳区
朝阳区
朝阳区
朝阳区
朝阳区
朝阳区
朝阳区
东城区
东城区
石景山区
石景山区
石景山区
朝阳区
朝阳区
朝阳区
朝阳区
朝阳区
朝阳区
朝阳区
西城区
西城区
西城区
西城区
西城区
西城区
昌平区
昌平区
昌平区
昌平区
朝阳区
朝阳区
朝阳区
朝阳区
朝阳区
朝阳区
朝阳区
朝阳区
朝阳区
朝阳区
朝阳区
朝阳区
丰台区
丰台区
丰台区
丰台区
西城区
西城区
西城区
西城区
西城区
西城区
西城区
西城区
海淀区
海淀区
海淀区
海淀区
海淀区
海淀区
海淀区
海淀区
海淀区
朝阳区
朝阳区
朝阳区
朝阳区
朝阳区
朝阳区
朝阳区
朝阳区
朝阳区
朝阳区
昌平区
昌平区
海淀区
海淀区
海淀区
海淀区
海淀区
朝阳区
朝阳区
朝阳区
朝阳区
朝阳区
朝阳区
朝阳区
朝阳区
朝阳区
朝阳区
朝阳区
朝阳区
朝阳区
朝阳区
朝阳区
朝阳区
朝阳区
朝阳区
朝阳区
朝阳区
朝阳区
朝阳区
朝阳区
通州区
通州区
通州区
通州区
通州区
大兴区
大兴区
大兴区
大兴区
大兴区
海淀区
海淀区
海淀区
海淀区
通州区
通州区
通州区
通州区
通州区
朝阳区
朝阳区
朝阳区
朝阳区
朝阳区
朝阳区
丰台区
丰台区
丰台区
丰台区
丰台区
丰台区
丰台区
丰台区
丰台区
丰台区
朝阳区
朝阳区
朝阳区
朝阳区
大兴区
大兴区
大兴区
大兴区
大兴区
大兴区
大兴区
大兴区
朝阳区
朝阳区
朝阳区
朝阳区
朝阳区
朝阳区
朝阳区
朝阳区
朝阳区
朝阳区
顺义区
顺义区
顺义区
通州区
通州区
通州区
通州区
朝阳区
朝阳区
朝阳区
朝阳区
通州区
通州区
通州区
大兴区
大兴区
大兴区
大兴区
大兴区
大兴区
大兴区
大兴区
大兴区
朝阳区
朝阳区
朝阳区
朝阳区
朝阳区
朝阳区
朝阳区
朝阳区
朝阳区
朝阳区
朝阳区
通州区
朝阳区
朝阳区
朝阳区
朝阳区
朝阳区
朝阳区
朝阳区
朝阳区
朝阳区
朝阳区
海淀区
海淀区
海淀区
海淀区
西城区
西城区
西城区
丰台区
海淀区
海淀区
海淀区
海淀区
海淀区
朝阳区
朝阳区
朝阳区
朝阳区
朝阳区
西城区
朝阳区
丰台区
丰台区
丰台区
丰台区
丰台区
朝阳区
东城区
东城区
东城区
丰台区
丰台区
丰台区
海淀区
海淀区
海淀区
海淀区
海淀区
朝阳区
朝阳区
朝阳区
朝阳区
朝阳区
朝阳区
朝阳区
朝阳区
朝阳区
朝阳区
朝阳区
朝阳区
朝阳区
朝阳区
朝阳区
朝阳区
朝阳区
大兴区
大兴区
大兴区
朝阳区
朝阳区
朝阳区
朝阳区
朝阳区
朝阳区
朝阳区
朝阳区
朝阳区
朝阳区
朝阳区
朝阳区
朝阳区
朝阳区
朝阳区
朝阳区
朝阳区
朝阳区
朝阳区
朝阳区
朝阳区
朝阳区
朝阳区
朝阳区
朝阳区
朝阳区
朝阳区
昌平区
大兴区
大兴区
大兴区
朝阳区
朝阳区
朝阳区
朝阳区
朝阳区
朝阳区
朝阳区
朝阳区
朝阳区
朝阳区
朝阳区
朝阳区
朝阳区
朝阳区
朝阳区
朝阳区
朝阳区
海淀区
海淀区
海淀区
海淀区
朝阳区
朝阳区
朝阳区
朝阳区
朝阳区
朝阳区
朝阳区
朝阳区
朝阳区
朝阳区
朝阳区
朝阳区
朝阳区
朝阳区
朝阳区
朝阳区
朝阳区
朝阳区
朝阳区
朝阳区
朝阳区
朝阳区
朝阳区
朝阳区
石景山区
石景山区
昌平区
昌平区
朝阳区
朝阳区
朝阳区
朝阳区
朝阳区
朝阳区
朝阳区
东城区
东城区
东城区
西城区
西城区
门头沟区
门头沟区
门头沟区
门头沟区
门头沟区
门头沟区
门头沟区
门头沟区
朝阳区
朝阳区
朝阳区
朝阳区
朝阳区
朝阳区
东城区
朝阳区
朝阳区
朝阳区
海淀区
海淀区
海淀区
海淀区
海淀区
朝阳区
朝阳区
朝阳区
朝阳区
朝阳区
丰台区
丰台区
丰台区
丰台区
丰台区
丰台区
丰台区
通州区
通州区
通州区
通州区
通州区
东城区
东城区
东城区
东城区
东城区
丰台区
丰台区
丰台区
朝阳区
朝阳区
朝阳区
朝阳区
朝阳区
朝阳区
朝阳区
朝阳区
朝阳区
朝阳区
朝阳区
朝阳区
朝阳区
朝阳区
朝阳区
朝阳区
朝阳区
朝阳区
朝阳区
朝阳区
朝阳区
朝阳区
丰台区
丰台区
丰台区
丰台区
丰台区
丰台区
丰台区
丰台区
丰台区
丰台区
丰台区
丰台区
丰台区
丰台区
丰台区
丰台区
丰台区
通州区
通州区
通州区
通州区
通州区
通州区
通州区
通州区
通州区
通州区
海淀区
海淀区
海淀区
朝阳区
朝阳区
朝阳区
朝阳区
朝阳区
朝阳区
朝阳区
朝阳区
丰台区
丰台区
丰台区
海淀区
丰台区
丰台区
丰台区
海淀区
朝阳区
朝阳区
朝阳区
朝阳区
海淀区
海淀区
东城区
东城区
东城区
东城区
东城区
东城区
东城区
东城区
朝阳区
朝阳区
朝阳区
朝阳区
朝阳区
朝阳区
朝阳区
朝阳区
朝阳区
朝阳区
朝阳区
朝阳区
朝阳区
朝阳区
朝阳区
朝阳区
朝阳区
朝阳区
朝阳区
丰台区
丰台区
丰台区
丰台区
丰台区
丰台区
丰台区
大兴区
大兴区
大兴区
大兴区
大兴区
朝阳区
朝阳区
朝阳区
朝阳区
朝阳区
朝阳区
朝阳区
朝阳区
朝阳区
朝阳区
朝阳区
朝阳区
朝阳区
朝阳区
朝阳区
朝阳区
朝阳区
朝阳区
朝阳区
朝阳区
朝阳区
朝阳区
朝阳区
朝阳区
朝阳区
朝阳区
海淀区
海淀区
海淀区
海淀区
海淀区
海淀区
海淀区
海淀区
海淀区
海淀区
东城区
东城区
东城区
东城区
东城区
丰台区
丰台区
丰台区
丰台区
丰台区
丰台区
丰台区
丰台区
东城区
海淀区
海淀区
海淀区
海淀区
海淀区
朝阳区
朝阳区
朝阳区
朝阳区
朝阳区
朝阳区
朝阳区
朝阳区
朝阳区
朝阳区
朝阳区
朝阳区
朝阳区
朝阳区
朝阳区
丰台区
丰台区
丰台区
丰台区
丰台区
朝阳区
朝阳区
朝阳区
朝阳区
朝阳区
大兴区
大兴区
大兴区
大兴区
大兴区
大兴区
大兴区
大兴区
大兴区
朝阳区
朝阳区
朝阳区
朝阳区
朝阳区
朝阳区
朝阳区
朝阳区
朝阳区
朝阳区
海淀区
海淀区
海淀区
海淀区
丰台区
丰台区
丰台区
丰台区
丰台区
丰台区
丰台区
丰台区
丰台区
丰台区
丰台区
丰台区
丰台区
丰台区
朝阳区
朝阳区
朝阳区
朝阳区
朝阳区
朝阳区
朝阳区
朝阳区
朝阳区
朝阳区
朝阳区
朝阳区
朝阳区
朝阳区
西城区
西城区
西城区
西城区
西城区
西城区
西城区
西城区
朝阳区
朝阳区
朝阳区
朝阳区
朝阳区
朝阳区
朝阳区
大兴区
大兴区
大兴区
朝阳区
朝阳区
大兴区
大兴区
大兴区
朝阳区
朝阳区
朝阳区
朝阳区
朝阳区
朝阳区
朝阳区
朝阳区
朝阳区
大兴区
大兴区
大兴区
朝阳区
朝阳区
朝阳区
朝阳区
朝阳区
海淀区
海淀区
海淀区
海淀区
海淀区
朝阳区
朝阳区
朝阳区
朝阳区
朝阳区
朝阳区
朝阳区
朝阳区
朝阳区
朝阳区
朝阳区
朝阳区
朝阳区
朝阳区
大兴区
大兴区
大兴区
大兴区
大兴区
朝阳区
朝阳区
朝阳区
朝阳区
朝阳区
朝阳区
朝阳区
朝阳区
朝阳区
朝阳区
朝阳区
朝阳区
朝阳区
丰台区
丰台区
丰台区
丰台区
丰台区
丰台区
东城区
东城区
东城区
东城区
朝阳区
朝阳区
朝阳区
朝阳区
朝阳区
通州区
通州区
通州区
丰台区
丰台区
丰台区
丰台区
大兴区
大兴区
朝阳区
朝阳区
朝阳区
朝阳区
朝阳区
朝阳区
朝阳区
朝阳区
朝阳区
朝阳区
朝阳区
朝阳区
朝阳区
海淀区
海淀区
海淀区
海淀区
朝阳区
朝阳区
海淀区
丰台区
丰台区
海淀区
海淀区
海淀区
海淀区
海淀区
通州区
通州区
朝阳区
朝阳区
朝阳区
海淀区
海淀区
海淀区
丰台区
丰台区
丰台区
丰台区
丰台区
西城区
西城区
西城区
西城区
西城区
朝阳区
东城区
东城区
东城区
东城区
东城区
海淀区
海淀区
海淀区
房山区
房山区
房山区
房山区
海淀区
海淀区
海淀区
海淀区
海淀区
大兴区
大兴区
大兴区
大兴区
朝阳区
朝阳区
朝阳区
朝阳区
朝阳区
朝阳区
朝阳区
朝阳区
朝阳区
朝阳区
朝阳区
朝阳区
朝阳区
朝阳区
朝阳区
朝阳区
朝阳区
朝阳区
朝阳区
朝阳区
朝阳区
朝阳区
朝阳区
朝阳区
朝阳区
海淀区
海淀区
海淀区
海淀区
海淀区
海淀区
海淀区
海淀区
海淀区
海淀区
海淀区
海淀区
海淀区
通州区
通州区
通州区
丰台区
丰台区
东城区
东城区
朝阳区
朝阳区
朝阳区
朝阳区
朝阳区
朝阳区
朝阳区
丰台区
丰台区
丰台区
丰台区
丰台区
朝阳区
平谷区
朝阳区
朝阳区
朝阳区
朝阳区
朝阳区
朝阳区
朝阳区
朝阳区
朝阳区
朝阳区
朝阳区
朝阳区
朝阳区
朝阳区
丰台区
丰台区
丰台区
丰台区
朝阳区
东城区
东城区
朝阳区
朝阳区
朝阳区
朝阳区
朝阳区
朝阳区
朝阳区
朝阳区
朝阳区
朝阳区
朝阳区
朝阳区
朝阳区
东城区
朝阳区
朝阳区
朝阳区
朝阳区
东城区
朝阳区
朝阳区
朝阳区
朝阳区
东城区
朝阳区
朝阳区
朝阳区
朝阳区
东城区
朝阳区
朝阳区
朝阳区
朝阳区
东城区
朝阳区
朝阳区
朝阳区
朝阳区
朝阳区
朝阳区
朝阳区
朝阳区
海淀区
海淀区
海淀区
海淀区
海淀区
朝阳区
朝阳区
朝阳区
朝阳区
通州区
通州区
通州区
通州区
通州区
朝阳区
朝阳区
朝阳区
朝阳区
朝阳区
朝阳区
朝阳区
朝阳区
丰台区
丰台区
丰台区
丰台区
丰台区
丰台区
朝阳区
朝阳区
朝阳区
朝阳区
东城区
东城区
东城区
东城区
东城区
东城区
东城区
朝阳区
朝阳区
朝阳区
朝阳区
大兴区
大兴区
大兴区
大兴区
大兴区
朝阳区
朝阳区
朝阳区
朝阳区
朝阳区
朝阳区
朝阳区
朝阳区
朝阳区
朝阳区
朝阳区
朝阳区
朝阳区
朝阳区
朝阳区
朝阳区
朝阳区
朝阳区
朝阳区
朝阳区
朝阳区
朝阳区
朝阳区
朝阳区
朝阳区
朝阳区
朝阳区
朝阳区
朝阳区
朝阳区
朝阳区
朝阳区
朝阳区
大兴区
朝阳区
大兴区
大兴区
丰台区
丰台区
丰台区
丰台区
丰台区
丰台区
朝阳区
朝阳区
朝阳区
朝阳区
朝阳区
朝阳区
朝阳区
东城区
东城区
东城区
东城区
东城区
东城区
东城区
朝阳区
朝阳区
朝阳区
朝阳区
朝阳区
朝阳区
朝阳区
大兴区
大兴区
大兴区
大兴区
大兴区
朝阳区
朝阳区
朝阳区
朝阳区
朝阳区
朝阳区
朝阳区
朝阳区
朝阳区
朝阳区
西城区
西城区
西城区
西城区
海淀区
海淀区
海淀区
海淀区
海淀区
海淀区
海淀区
海淀区
朝阳区
朝阳区
朝阳区
朝阳区
朝阳区
朝阳区
朝阳区
朝阳区
朝阳区
朝阳区
朝阳区
海淀区
海淀区
海淀区
海淀区
朝阳区
朝阳区
朝阳区
朝阳区
朝阳区
朝阳区
朝阳区
朝阳区
朝阳区
朝阳区
朝阳区
朝阳区
朝阳区
朝阳区
朝阳区
大兴区
大兴区
朝阳区
朝阳区
朝阳区
朝阳区
东城区
东城区
西城区
西城区
西城区
西城区
西城区
朝阳区
朝阳区
朝阳区
朝阳区
朝阳区
丰台区
丰台区
丰台区
丰台区
丰台区
丰台区
丰台区
丰台区
朝阳区
朝阳区
朝阳区
朝阳区
朝阳区
朝阳区
朝阳区
丰台区
丰台区
丰台区
丰台区
朝阳区
朝阳区
朝阳区
朝阳区
朝阳区
朝阳区
朝阳区
朝阳区
朝阳区
朝阳区
朝阳区
朝阳区
海淀区
海淀区
海淀区
朝阳区
朝阳区
朝阳区
朝阳区
朝阳区
朝阳区
朝阳区
朝阳区
朝阳区
朝阳区
海淀区
延庆县
海淀区
海淀区
延庆县
海淀区
海淀区
延庆县
海淀区
海淀区
延庆县
海淀区
海淀区
延庆县
海淀区
丰台区
丰台区
丰台区
丰台区
丰台区
东城区
东城区
东城区
东城区
东城区
东城区
东城区
东城区
朝阳区
朝阳区
朝阳区
东城区
东城区
朝阳区
朝阳区
朝阳区
朝阳区
朝阳区
朝阳区
朝阳区
朝阳区
朝阳区
朝阳区
朝阳区
朝阳区
朝阳区
朝阳区
朝阳区
朝阳区
朝阳区
朝阳区
朝阳区
朝阳区
朝阳区
朝阳区
朝阳区
朝阳区
朝阳区
朝阳区
朝阳区
朝阳区
海淀区
海淀区
海淀区
海淀区
朝阳区
朝阳区
朝阳区
朝阳区
朝阳区
西城区
西城区
西城区
西城区
西城区
西城区
西城区
西城区
西城区
朝阳区
朝阳区
朝阳区
朝阳区
朝阳区
朝阳区
朝阳区
朝阳区
通州区
通州区
通州区
通州区
通州区
通州区
通州区
通州区
通州区
通州区
东城区
东城区
朝阳区
通州区
通州区
通州区
通州区
通州区
通州区
通州区
通州区
通州区
通州区
通州区
通州区
东城区
东城区
朝阳区
通州区
通州区
通州区
通州区
通州区
通州区
通州区
通州区
通州区
通州区
通州区
通州区
东城区
东城区
朝阳区
通州区
通州区
东城区
东城区
朝阳区
通州区
通州区
朝阳区
朝阳区
朝阳区
朝阳区
朝阳区
朝阳区
朝阳区
朝阳区
朝阳区
朝阳区
朝阳区
朝阳区
朝阳区
朝阳区
朝阳区
东城区
东城区
东城区
朝阳区
朝阳区
朝阳区
朝阳区
朝阳区
朝阳区
朝阳区
朝阳区
朝阳区
朝阳区
朝阳区
朝阳区
朝阳区
朝阳区
朝阳区
丰台区
丰台区
丰台区
朝阳区
朝阳区
朝阳区
朝阳区
朝阳区
通州区
通州区
通州区
通州区
通州区
通州区
通州区
通州区
海淀区
海淀区
海淀区
海淀区
海淀区
海淀区
海淀区
海淀区
海淀区
海淀区
朝阳区
朝阳区
朝阳区
朝阳区
朝阳区
朝阳区
朝阳区
朝阳区
朝阳区
朝阳区
西城区
西城区
西城区
海淀区
海淀区
海淀区
海淀区
朝阳区
朝阳区
朝阳区
朝阳区
朝阳区
朝阳区
朝阳区
朝阳区
朝阳区
朝阳区
朝阳区
朝阳区
朝阳区
朝阳区
朝阳区
朝阳区
大兴区
大兴区
大兴区
大兴区
大兴区
朝阳区
朝阳区
朝阳区
朝阳区
朝阳区
朝阳区
朝阳区
朝阳区
朝阳区
朝阳区
朝阳区
朝阳区
朝阳区
朝阳区
朝阳区
朝阳区
朝阳区
朝阳区
朝阳区
朝阳区
朝阳区
朝阳区
朝阳区
朝阳区
丰台区
丰台区
丰台区
丰台区
丰台区
海淀区
海淀区
海淀区
海淀区
海淀区
海淀区
朝阳区
朝阳区
朝阳区
朝阳区
朝阳区
朝阳区
朝阳区
朝阳区
朝阳区
朝阳区
朝阳区
朝阳区
朝阳区
朝阳区
朝阳区
朝阳区
朝阳区
朝阳区
朝阳区
朝阳区
朝阳区
朝阳区
朝阳区
朝阳区
朝阳区
朝阳区
朝阳区
朝阳区
朝阳区
朝阳区
朝阳区
朝阳区
朝阳区
朝阳区
朝阳区
朝阳区
朝阳区
朝阳区
朝阳区
朝阳区
朝阳区
朝阳区
朝阳区
朝阳区
朝阳区
通州区
通州区
海淀区
海淀区
海淀区
海淀区
海淀区
朝阳区
朝阳区
朝阳区
朝阳区
朝阳区
朝阳区
朝阳区
东城区
朝阳区
朝阳区
朝阳区
朝阳区
朝阳区
朝阳区
朝阳区
朝阳区
丰台区
丰台区
丰台区
东城区
东城区
丰台区
丰台区
丰台区
东城区
朝阳区
朝阳区
朝阳区
朝阳区
朝阳区
东城区
东城区
朝阳区
东城区
昌平区
昌平区
昌平区
朝阳区
东城区
东城区
东城区
东城区
东城区
东城区
东城区
东城区
西城区
西城区
西城区
丰台区
丰台区
丰台区
丰台区
朝阳区
朝阳区
朝阳区
朝阳区
朝阳区
朝阳区
朝阳区
朝阳区
东城区
朝阳区
朝阳区
朝阳区
朝阳区
朝阳区
朝阳区
朝阳区
海淀区
海淀区
海淀区
海淀区
东城区
东城区
朝阳区
东城区
房山区
房山区
朝阳区
朝阳区
西城区
西城区
朝阳区
朝阳区
朝阳区
朝阳区
朝阳区
朝阳区
东城区
东城区
东城区
东城区
东城区
朝阳区
朝阳区
朝阳区
朝阳区
朝阳区
朝阳区
朝阳区
朝阳区
海淀区
丰台区
东城区
海淀区
海淀区
海淀区
海淀区
东城区
海淀区
海淀区
海淀区
海淀区
东城区
东城区
海淀区
海淀区
海淀区
东城区
东城区
海淀区
海淀区
海淀区
丰台区
丰台区
丰台区
丰台区
海淀区
朝阳区
朝阳区
东城区
东城区
东城区
朝阳区
朝阳区
朝阳区
朝阳区
朝阳区
朝阳区
朝阳区
朝阳区
朝阳区
朝阳区
朝阳区
朝阳区
东城区
东城区
东城区
东城区
朝阳区
朝阳区
朝阳区
朝阳区
朝阳区
朝阳区
朝阳区
朝阳区
朝阳区
海淀区
海淀区
海淀区
海淀区
石景山区
石景山区
石景山区
石景山区
石景山区
海淀区
海淀区
海淀区
海淀区
朝阳区
朝阳区
朝阳区
朝阳区
朝阳区
东城区
东城区
东城区
朝阳区
朝阳区
朝阳区
朝阳区
朝阳区
海淀区
海淀区
海淀区
海淀区
东城区
东城区
东城区
朝阳区
朝阳区
朝阳区
朝阳区
朝阳区
朝阳区
朝阳区
朝阳区
朝阳区
房山区
房山区
房山区
房山区
朝阳区
朝阳区
朝阳区
朝阳区
朝阳区
朝阳区
朝阳区
朝阳区
朝阳区
朝阳区
朝阳区
朝阳区
朝阳区
朝阳区
朝阳区
朝阳区
朝阳区
朝阳区
朝阳区
海淀区
西城区
西城区
西城区
西城区
通州区
通州区
通州区
朝阳区
朝阳区
朝阳区
朝阳区
朝阳区
朝阳区
朝阳区
东城区
东城区
朝阳区
朝阳区
朝阳区
朝阳区
朝阳区
朝阳区
朝阳区
朝阳区
朝阳区
朝阳区
东城区
东城区
东城区
东城区
东城区
东城区
东城区
东城区
东城区
东城区
朝阳区
朝阳区
朝阳区
朝阳区
朝阳区
朝阳区
朝阳区
朝阳区
朝阳区
朝阳区
朝阳区
朝阳区
丰台区
丰台区
丰台区
丰台区
丰台区
大兴区
大兴区
大兴区
朝阳区
朝阳区
朝阳区
朝阳区
朝阳区
丰台区
海淀区
海淀区
海淀区
海淀区
通州区
通州区
通州区
通州区
海淀区
海淀区
海淀区
海淀区
海淀区
海淀区
海淀区
海淀区
朝阳区
朝阳区
朝阳区
朝阳区
朝阳区
朝阳区
朝阳区
朝阳区
朝阳区
东城区
东城区
东城区
东城区
大兴区
大兴区
大兴区
大兴区
朝阳区
朝阳区
朝阳区
朝阳区
朝阳区
朝阳区
朝阳区
朝阳区
朝阳区
朝阳区
朝阳区
朝阳区
朝阳区
朝阳区
大兴区
大兴区
大兴区
大兴区
大兴区
东城区
东城区
东城区
东城区
朝阳区
朝阳区
朝阳区
朝阳区
朝阳区
朝阳区
朝阳区
朝阳区
朝阳区
朝阳区
朝阳区
朝阳区
朝阳区
朝阳区
朝阳区
朝阳区
朝阳区
朝阳区
朝阳区
朝阳区
朝阳区
朝阳区
朝阳区
朝阳区
海淀区
海淀区
海淀区
海淀区
海淀区
东城区
东城区
东城区
东城区
丰台区
丰台区
西城区
东城区
东城区
东城区
东城区
丰台区
丰台区
朝阳区
朝阳区
朝阳区
丰台区
丰台区
海淀区
海淀区
海淀区
朝阳区
朝阳区
朝阳区
朝阳区
大兴区
大兴区
大兴区
大兴区
大兴区
大兴区
大兴区
大兴区
大兴区
大兴区
大兴区
大兴区
大兴区
朝阳区
朝阳区
朝阳区
朝阳区
朝阳区
朝阳区
朝阳区
朝阳区
朝阳区
朝阳区
朝阳区
朝阳区
朝阳区
朝阳区
朝阳区
朝阳区
朝阳区
朝阳区
海淀区
海淀区
朝阳区
朝阳区
朝阳区
海淀区
海淀区
平谷区
平谷区
平谷区
大兴区
朝阳区
朝阳区
朝阳区
朝阳区
朝阳区
朝阳区
朝阳区
朝阳区
东城区
东城区
东城区
东城区
东城区
朝阳区
朝阳区
朝阳区
朝阳区
朝阳区
朝阳区
东城区
朝阳区
朝阳区
朝阳区
大兴区
大兴区
大兴区
大兴区
大兴区
朝阳区
朝阳区
朝阳区
朝阳区
朝阳区
朝阳区
朝阳区
朝阳区
朝阳区
朝阳区
朝阳区
朝阳区
朝阳区
朝阳区
朝阳区
朝阳区
朝阳区
朝阳区
朝阳区
通州区
通州区
通州区
东城区
东城区
东城区
东城区
东城区
东城区
朝阳区
朝阳区
朝阳区
朝阳区
东城区
东城区
东城区
东城区
东城区
海淀区
海淀区
海淀区
海淀区
丰台区
海淀区
海淀区
海淀区
海淀区
丰台区
朝阳区
朝阳区
朝阳区
朝阳区
朝阳区
朝阳区
朝阳区
朝阳区
昌平区
昌平区
昌平区
昌平区
朝阳区
昌平区
朝阳区
昌平区
朝阳区
朝阳区
朝阳区
朝阳区
朝阳区
朝阳区
朝阳区
朝阳区
朝阳区
朝阳区
朝阳区
朝阳区
朝阳区
朝阳区
朝阳区
东城区
朝阳区
朝阳区
朝阳区
朝阳区
朝阳区
朝阳区
昌平区
昌平区
西城区
西城区
西城区
西城区
西城区
东城区
丰台区
东城区
丰台区
朝阳区
朝阳区
朝阳区
朝阳区
朝阳区
朝阳区
朝阳区
朝阳区
朝阳区
朝阳区
朝阳区
朝阳区
朝阳区
朝阳区
朝阳区
朝阳区
朝阳区
朝阳区
朝阳区
朝阳区
朝阳区
朝阳区
朝阳区
朝阳区
大兴区
大兴区
大兴区
大兴区
大兴区
大兴区
大兴区
朝阳区
大兴区
大兴区
大兴区
大兴区
丰台区
丰台区
丰台区
丰台区
丰台区
朝阳区
朝阳区
朝阳区
朝阳区
朝阳区
朝阳区
朝阳区
朝阳区
朝阳区
朝阳区
朝阳区
顺义区
顺义区
朝阳区
朝阳区
朝阳区
朝阳区
朝阳区
朝阳区
朝阳区
朝阳区
朝阳区
朝阳区
朝阳区
朝阳区
朝阳区
朝阳区
朝阳区
朝阳区
朝阳区
朝阳区
朝阳区
朝阳区
朝阳区
朝阳区
朝阳区
海淀区
海淀区
海淀区
海淀区
海淀区
朝阳区
朝阳区
朝阳区
朝阳区
朝阳区
朝阳区
朝阳区
朝阳区
朝阳区
朝阳区
朝阳区
朝阳区
朝阳区
朝阳区
朝阳区
朝阳区
朝阳区
朝阳区
朝阳区
朝阳区
朝阳区
朝阳区
朝阳区
朝阳区
朝阳区
朝阳区
朝阳区
朝阳区
朝阳区
朝阳区
朝阳区
朝阳区
朝阳区
朝阳区
朝阳区
朝阳区
朝阳区
朝阳区
朝阳区
朝阳区
朝阳区
朝阳区
朝阳区
朝阳区
朝阳区
朝阳区
朝阳区
朝阳区
朝阳区
朝阳区
朝阳区
朝阳区
朝阳区
朝阳区
朝阳区
朝阳区
朝阳区
朝阳区
朝阳区
朝阳区
朝阳区
朝阳区
朝阳区
朝阳区
朝阳区
朝阳区
朝阳区
朝阳区
朝阳区
朝阳区
朝阳区
朝阳区
通州区
通州区
通州区
通州区
通州区
朝阳区
朝阳区
朝阳区
朝阳区
朝阳区
朝阳区
朝阳区
朝阳区
朝阳区
朝阳区
海淀区
海淀区
海淀区
海淀区
海淀区
海淀区
海淀区
海淀区
海淀区
海淀区
海淀区
海淀区
海淀区
海淀区
海淀区
东城区
东城区
东城区
东城区
朝阳区
朝阳区
朝阳区
朝阳区
朝阳区
朝阳区
朝阳区
朝阳区
朝阳区
朝阳区
朝阳区
朝阳区
丰台区
丰台区
丰台区
丰台区
朝阳区
东城区
朝阳区
东城区
朝阳区
朝阳区
东城区
朝阳区
东城区
朝阳区
朝阳区
东城区
朝阳区
东城区
朝阳区
通州区
通州区
通州区
丰台区
丰台区
丰台区
丰台区
丰台区
丰台区
朝阳区
朝阳区
朝阳区
朝阳区
大兴区
大兴区
大兴区
朝阳区
朝阳区
朝阳区
朝阳区
朝阳区
朝阳区
朝阳区
朝阳区
朝阳区
朝阳区
朝阳区
朝阳区
朝阳区
朝阳区
朝阳区
朝阳区
朝阳区
朝阳区
朝阳区
朝阳区
大兴区
大兴区
大兴区
大兴区
朝阳区
朝阳区
朝阳区
朝阳区
朝阳区
朝阳区
大兴区
大兴区
大兴区
朝阳区
大兴区
大兴区
大兴区
朝阳区
朝阳区
朝阳区
朝阳区
朝阳区
朝阳区
朝阳区
朝阳区
朝阳区
朝阳区
朝阳区
朝阳区
朝阳区
朝阳区
朝阳区
朝阳区
朝阳区
朝阳区
丰台区
丰台区
丰台区
丰台区
东城区
丰台区
丰台区
丰台区
丰台区
东城区
朝阳区
朝阳区
朝阳区
朝阳区
朝阳区
朝阳区
朝阳区
朝阳区
朝阳区
朝阳区
海淀区
海淀区
海淀区
朝阳区
朝阳区
朝阳区
朝阳区
朝阳区
朝阳区
朝阳区
朝阳区
朝阳区
朝阳区
朝阳区
朝阳区
朝阳区
朝阳区
朝阳区
朝阳区
朝阳区
朝阳区
朝阳区
朝阳区
朝阳区
朝阳区
朝阳区
海淀区
海淀区
海淀区
海淀区
朝阳区
朝阳区
朝阳区
朝阳区
朝阳区
海淀区
海淀区
海淀区
丰台区
丰台区
丰台区
丰台区
朝阳区
朝阳区
朝阳区
朝阳区
朝阳区
西城区
西城区
西城区
西城区
朝阳区
朝阳区
朝阳区
朝阳区
朝阳区
朝阳区
朝阳区
朝阳区
朝阳区
朝阳区
朝阳区
朝阳区
朝阳区
朝阳区
朝阳区
朝阳区
海淀区
海淀区
海淀区
朝阳区
朝阳区
朝阳区
朝阳区
朝阳区
朝阳区
朝阳区
朝阳区
朝阳区
朝阳区
朝阳区
朝阳区
朝阳区
朝阳区
朝阳区
朝阳区
朝阳区
朝阳区
朝阳区
朝阳区
朝阳区
朝阳区
朝阳区
朝阳区
朝阳区
朝阳区
朝阳区
朝阳区
朝阳区
朝阳区
朝阳区
朝阳区
朝阳区
朝阳区
朝阳区
朝阳区
朝阳区
朝阳区
朝阳区
朝阳区
朝阳区
朝阳区
朝阳区
朝阳区
朝阳区
朝阳区
朝阳区
朝阳区
朝阳区
朝阳区
朝阳区
朝阳区
朝阳区
朝阳区
朝阳区
朝阳区
朝阳区
朝阳区
朝阳区
朝阳区
朝阳区
朝阳区
昌平区
昌平区
昌平区
昌平区
昌平区
丰台区
朝阳区
朝阳区
朝阳区
朝阳区
朝阳区
朝阳区
朝阳区
丰台区
丰台区
丰台区
丰台区
丰台区
朝阳区
朝阳区
朝阳区
朝阳区
朝阳区
海淀区
海淀区
大兴区
大兴区
大兴区
大兴区
大兴区
朝阳区
朝阳区
朝阳区
朝阳区
朝阳区
东城区
东城区
东城区
东城区
东城区
朝阳区
朝阳区
朝阳区
朝阳区
朝阳区
东城区
东城区
东城区
东城区
大兴区
大兴区
大兴区
大兴区
大兴区
海淀区
海淀区
海淀区
海淀区
海淀区
朝阳区
朝阳区
朝阳区
朝阳区
朝阳区
朝阳区
朝阳区
朝阳区
朝阳区
朝阳区
朝阳区
朝阳区
朝阳区
朝阳区
朝阳区
朝阳区
丰台区
丰台区
丰台区
丰台区
丰台区
朝阳区
朝阳区
朝阳区
朝阳区
朝阳区
朝阳区
朝阳区
朝阳区
朝阳区
朝阳区
朝阳区
朝阳区
朝阳区
朝阳区
朝阳区
朝阳区
朝阳区
朝阳区
朝阳区
朝阳区
朝阳区
朝阳区
朝阳区
朝阳区
朝阳区
朝阳区
朝阳区
朝阳区
朝阳区
朝阳区
朝阳区
朝阳区
朝阳区
朝阳区
朝阳区
朝阳区
朝阳区
朝阳区
朝阳区
朝阳区
通州区
通州区
通州区
通州区
通州区
通州区
通州区
通州区
通州区
通州区
通州区
通州区
通州区
海淀区
海淀区
海淀区
大兴区
大兴区
大兴区
大兴区
朝阳区
朝阳区
朝阳区
朝阳区
朝阳区
朝阳区
朝阳区
朝阳区
朝阳区
朝阳区
朝阳区
海淀区
朝阳区
朝阳区
朝阳区
朝阳区
朝阳区
朝阳区
朝阳区
朝阳区
朝阳区
朝阳区
朝阳区
朝阳区
朝阳区
朝阳区
朝阳区
朝阳区
朝阳区
朝阳区
门头沟区
门头沟区
门头沟区
门头沟区
石景山区
门头沟区
门头沟区
门头沟区
门头沟区
石景山区
朝阳区
朝阳区
朝阳区
朝阳区
朝阳区
朝阳区
东城区
东城区
东城区
东城区
东城区
东城区
东城区
丰台区
丰台区
丰台区
丰台区
海淀区
海淀区
海淀区
东城区
东城区
东城区
东城区
通州区
顺义区
顺义区
顺义区
通州区
顺义区
顺义区
顺义区
丰台区
丰台区
朝阳区
朝阳区
朝阳区
朝阳区
朝阳区
朝阳区
朝阳区
朝阳区
朝阳区
朝阳区
朝阳区
朝阳区
西城区
西城区
西城区
西城区
朝阳区
朝阳区
朝阳区
朝阳区
朝阳区
海淀区
海淀区
海淀区
海淀区
海淀区
东城区
东城区
东城区
东城区
东城区
朝阳区
朝阳区
东城区
通州区
通州区
通州区
通州区
通州区
丰台区
丰台区
丰台区
丰台区
丰台区
东城区
东城区
东城区
东城区
东城区
朝阳区
朝阳区
东城区
东城区
东城区
东城区
朝阳区
朝阳区
朝阳区
朝阳区
朝阳区
丰台区
丰台区
丰台区
丰台区
丰台区
丰台区
丰台区
丰台区
丰台区
丰台区
朝阳区
朝阳区
朝阳区
朝阳区
朝阳区
朝阳区
朝阳区
朝阳区
朝阳区
朝阳区
朝阳区
朝阳区
朝阳区
朝阳区
大兴区
大兴区
大兴区
大兴区
大兴区
丰台区
丰台区
丰台区
丰台区
丰台区
丰台区
丰台区
丰台区
丰台区
丰台区
丰台区
丰台区
丰台区
丰台区
大兴区
大兴区
大兴区
大兴区
大兴区
朝阳区
朝阳区
朝阳区
朝阳区
朝阳区
朝阳区
朝阳区
朝阳区
朝阳区
朝阳区
朝阳区
朝阳区
朝阳区
朝阳区
海淀区
海淀区
海淀区
海淀区
通州区
通州区
通州区
通州区
通州区
通州区
通州区
通州区
通州区
通州区
朝阳区
朝阳区
朝阳区
朝阳区
朝阳区
朝阳区
朝阳区
朝阳区
丰台区
丰台区
丰台区
丰台区
丰台区
海淀区
海淀区
丰台区
丰台区
丰台区
丰台区
丰台区
丰台区
丰台区
丰台区
丰台区
丰台区
丰台区
丰台区
丰台区
丰台区
丰台区
丰台区
丰台区
丰台区
朝阳区
朝阳区
朝阳区
朝阳区
朝阳区
朝阳区
朝阳区
朝阳区
朝阳区
朝阳区
朝阳区
丰台区
丰台区
丰台区
丰台区
东城区
东城区
东城区
东城区
朝阳区
朝阳区
朝阳区
朝阳区
丰台区
丰台区
朝阳区
朝阳区
朝阳区
朝阳区
朝阳区
朝阳区
朝阳区
朝阳区
海淀区
海淀区
海淀区
海淀区
海淀区
海淀区
海淀区
海淀区
海淀区
海淀区
大兴区
大兴区
大兴区
大兴区
大兴区
东城区
东城区
东城区
东城区
朝阳区
朝阳区
朝阳区
朝阳区
朝阳区
朝阳区
朝阳区
东城区
朝阳区
朝阳区
朝阳区
朝阳区
朝阳区
朝阳区
朝阳区
朝阳区
朝阳区
朝阳区
朝阳区
朝阳区
朝阳区
东城区
东城区
海淀区
海淀区
海淀区
海淀区
海淀区
朝阳区
朝阳区
朝阳区
朝阳区
朝阳区
朝阳区
朝阳区
朝阳区
朝阳区
朝阳区
朝阳区
朝阳区
朝阳区
朝阳区
朝阳区
朝阳区
朝阳区
朝阳区
朝阳区
朝阳区
朝阳区
通州区
通州区
通州区
通州区
通州区
通州区
通州区
通州区
通州区
通州区
通州区
通州区
通州区
通州区
通州区
通州区
朝阳区
昌平区
昌平区
朝阳区
朝阳区
朝阳区
朝阳区
朝阳区
朝阳区
朝阳区
朝阳区
朝阳区
朝阳区
朝阳区
朝阳区
朝阳区
朝阳区
朝阳区
朝阳区
朝阳区
朝阳区
丰台区
朝阳区
朝阳区
丰台区
朝阳区
丰台区
朝阳区
朝阳区
朝阳区
丰台区
朝阳区
朝阳区
朝阳区
朝阳区
朝阳区
西城区
西城区
西城区
西城区
西城区
西城区
朝阳区
朝阳区
朝阳区
朝阳区
朝阳区
朝阳区
朝阳区
朝阳区
朝阳区
朝阳区
朝阳区
朝阳区
丰台区
丰台区
丰台区
丰台区
丰台区
朝阳区
朝阳区
朝阳区
朝阳区
朝阳区
朝阳区
朝阳区
朝阳区
朝阳区
朝阳区
朝阳区
朝阳区
朝阳区
朝阳区
东城区
东城区
东城区
东城区
朝阳区
朝阳区
朝阳区
朝阳区
朝阳区
西城区
西城区
西城区
西城区
西城区
西城区
西城区
西城区
西城区
西城区
海淀区
海淀区
海淀区
海淀区
大兴区
大兴区
大兴区
大兴区
大兴区
朝阳区
朝阳区
朝阳区
朝阳区
朝阳区
朝阳区
朝阳区
朝阳区
朝阳区
朝阳区
朝阳区
朝阳区
朝阳区
朝阳区
朝阳区
海淀区
丰台区
海淀区
丰台区
海淀区
丰台区
海淀区
丰台区
丰台区
丰台区
丰台区
丰台区
海淀区
海淀区
海淀区
海淀区
大兴区
大兴区
大兴区
大兴区
大兴区
大兴区
大兴区
大兴区
大兴区
大兴区
朝阳区
朝阳区
朝阳区
朝阳区
朝阳区
朝阳区
朝阳区
朝阳区
朝阳区
朝阳区
朝阳区
朝阳区
朝阳区
朝阳区
朝阳区
朝阳区
朝阳区
朝阳区
朝阳区
朝阳区
朝阳区
朝阳区
朝阳区
朝阳区
朝阳区
朝阳区
朝阳区
丰台区
朝阳区
朝阳区
朝阳区
丰台区
朝阳区
朝阳区
丰台区
丰台区
丰台区
丰台区
丰台区
丰台区
丰台区
丰台区
朝阳区
朝阳区
朝阳区
朝阳区
朝阳区
朝阳区
朝阳区
朝阳区
朝阳区
朝阳区
朝阳区
朝阳区
朝阳区
朝阳区
朝阳区
朝阳区
朝阳区
朝阳区
朝阳区
朝阳区
朝阳区
朝阳区
丰台区
丰台区
丰台区
东城区
东城区
东城区
东城区
东城区
东城区
东城区
朝阳区
朝阳区
朝阳区
朝阳区
朝阳区
丰台区
丰台区
朝阳区
朝阳区
朝阳区
大兴区
朝阳区
朝阳区
朝阳区
海淀区
海淀区
海淀区
海淀区
海淀区
朝阳区
朝阳区
朝阳区
朝阳区
朝阳区
朝阳区
朝阳区
朝阳区
朝阳区
朝阳区
朝阳区
朝阳区
朝阳区
朝阳区
东城区
东城区
东城区
东城区
大兴区
大兴区
大兴区
大兴区
丰台区
丰台区
丰台区
丰台区
丰台区
丰台区
朝阳区
朝阳区
丰台区
丰台区
丰台区
朝阳区
朝阳区
丰台区
朝阳区
朝阳区
朝阳区
丰台区
丰台区
丰台区
丰台区
丰台区
丰台区
丰台区
丰台区
丰台区
丰台区
东城区
东城区
东城区
东城区
朝阳区
朝阳区
朝阳区
朝阳区
朝阳区
朝阳区
朝阳区
朝阳区
朝阳区
朝阳区
朝阳区
朝阳区
朝阳区
朝阳区
朝阳区
朝阳区
朝阳区
通州区
通州区
通州区
海淀区
海淀区
海淀区
海淀区
海淀区
丰台区
朝阳区
朝阳区
朝阳区
朝阳区
朝阳区
朝阳区
朝阳区
朝阳区
海淀区
昌平区
昌平区
朝阳区
朝阳区
海淀区
昌平区
昌平区
朝阳区
朝阳区
西城区
东城区
西城区
西城区
朝阳区
朝阳区
朝阳区
朝阳区
朝阳区
朝阳区
朝阳区
朝阳区
朝阳区
朝阳区
朝阳区
朝阳区
大兴区
大兴区
朝阳区
朝阳区
朝阳区
朝阳区
朝阳区
昌平区
昌平区
昌平区
昌平区
昌平区
昌平区
海淀区
海淀区
海淀区
朝阳区
朝阳区
朝阳区
朝阳区
朝阳区
朝阳区
朝阳区
朝阳区
朝阳区
丰台区
丰台区
丰台区
丰台区
丰台区
朝阳区
朝阳区
朝阳区
朝阳区
朝阳区
朝阳区
朝阳区
朝阳区
朝阳区
朝阳区
丰台区
丰台区
丰台区
丰台区
朝阳区
朝阳区
海淀区
朝阳区
朝阳区
朝阳区
海淀区
朝阳区
朝阳区
朝阳区
朝阳区
朝阳区
朝阳区
朝阳区
朝阳区
朝阳区
朝阳区
东城区
东城区
东城区
东城区
朝阳区
朝阳区
朝阳区
朝阳区
朝阳区
朝阳区
朝阳区
朝阳区
朝阳区
朝阳区
朝阳区
丰台区
西城区
丰台区
丰台区
丰台区
昌平区
昌平区
昌平区
昌平区
丰台区
丰台区
丰台区
丰台区
丰台区
丰台区
丰台区
丰台区
丰台区
丰台区
丰台区
丰台区
朝阳区
朝阳区
朝阳区
朝阳区
朝阳区
朝阳区
朝阳区
朝阳区
朝阳区
朝阳区
朝阳区
朝阳区
朝阳区
朝阳区
朝阳区
丰台区
丰台区
朝阳区
朝阳区
朝阳区
朝阳区
朝阳区
朝阳区
朝阳区
朝阳区
朝阳区
丰台区
丰台区
丰台区
丰台区
丰台区
丰台区
丰台区
丰台区
海淀区
朝阳区
海淀区
海淀区
朝阳区
朝阳区
朝阳区
朝阳区
朝阳区
海淀区
大兴区
大兴区
大兴区
大兴区
大兴区
大兴区
大兴区
大兴区
大兴区
丰台区
丰台区
丰台区
丰台区
丰台区
朝阳区
朝阳区
朝阳区
大兴区
大兴区
大兴区
大兴区
丰台区
丰台区
丰台区
丰台区
丰台区
朝阳区
朝阳区
朝阳区
朝阳区
朝阳区
朝阳区
朝阳区
朝阳区
朝阳区
朝阳区
朝阳区
朝阳区
朝阳区
朝阳区
朝阳区
朝阳区
朝阳区
朝阳区
朝阳区
朝阳区
朝阳区
朝阳区
朝阳区
朝阳区
朝阳区
朝阳区
朝阳区
朝阳区
朝阳区
朝阳区
朝阳区
朝阳区
朝阳区
朝阳区
朝阳区
朝阳区
朝阳区
朝阳区
朝阳区
朝阳区
朝阳区
朝阳区
朝阳区
朝阳区
朝阳区
海淀区
海淀区
海淀区
海淀区
朝阳区
朝阳区
朝阳区
朝阳区
朝阳区
朝阳区
朝阳区
朝阳区
朝阳区
大兴区
朝阳区
朝阳区
朝阳区
朝阳区
丰台区
朝阳区
朝阳区
朝阳区
朝阳区
朝阳区
朝阳区
朝阳区
朝阳区
朝阳区
朝阳区
朝阳区
朝阳区
东城区
东城区
丰台区
丰台区
东城区
东城区
丰台区
丰台区
顺义区
顺义区
顺义区
朝阳区
朝阳区
朝阳区
朝阳区
朝阳区
朝阳区
朝阳区
朝阳区
朝阳区
朝阳区
朝阳区
朝阳区
朝阳区
朝阳区
朝阳区
朝阳区
朝阳区
朝阳区
朝阳区
朝阳区
朝阳区
朝阳区
朝阳区
朝阳区
朝阳区
朝阳区
朝阳区
朝阳区
朝阳区
朝阳区
朝阳区
朝阳区
朝阳区
朝阳区
朝阳区
石景山区
石景山区
石景山区
石景山区
东城区
东城区
东城区
东城区
东城区
东城区
东城区
东城区
朝阳区
朝阳区
朝阳区
朝阳区
朝阳区
朝阳区
朝阳区
朝阳区
海淀区
海淀区
海淀区
海淀区
海淀区
朝阳区
朝阳区
朝阳区
朝阳区
朝阳区
朝阳区
朝阳区
朝阳区
朝阳区
朝阳区
朝阳区
朝阳区
朝阳区
通州区
通州区
通州区
通州区
通州区
通州区
大兴区
通州区
通州区
通州区
通州区
通州区
昌平区
朝阳区
朝阳区
昌平区
昌平区
朝阳区
朝阳区
昌平区
朝阳区
朝阳区
朝阳区
朝阳区
朝阳区
朝阳区
朝阳区
海淀区
朝阳区
朝阳区
朝阳区
朝阳区
朝阳区
朝阳区
朝阳区
朝阳区
朝阳区
朝阳区
朝阳区
朝阳区
朝阳区
朝阳区
朝阳区
朝阳区
朝阳区
朝阳区
朝阳区
朝阳区
朝阳区
朝阳区
朝阳区
朝阳区
朝阳区
朝阳区
朝阳区
朝阳区
海淀区
海淀区
海淀区
海淀区
海淀区
海淀区
海淀区
海淀区
海淀区
海淀区
丰台区
丰台区
丰台区
丰台区
石景山区
石景山区
石景山区
石景山区
大兴区
大兴区
大兴区
大兴区
朝阳区
海淀区
朝阳区
朝阳区
海淀区
朝阳区
朝阳区
朝阳区
朝阳区
朝阳区
朝阳区
朝阳区
朝阳区
朝阳区
丰台区
丰台区
丰台区
丰台区
海淀区
海淀区
海淀区
海淀区
朝阳区
朝阳区
朝阳区
朝阳区
朝阳区
朝阳区
朝阳区
朝阳区
东城区
东城区
东城区
东城区
东城区
朝阳区
朝阳区
朝阳区
通州区
通州区
通州区
朝阳区
通州区
通州区
通州区
通州区
通州区
通州区
朝阳区
朝阳区
朝阳区
朝阳区
丰台区
丰台区
丰台区
丰台区
丰台区
朝阳区
朝阳区
朝阳区
朝阳区
朝阳区
朝阳区
朝阳区
朝阳区
朝阳区
朝阳区
朝阳区
朝阳区
朝阳区
朝阳区
朝阳区
朝阳区
朝阳区
朝阳区
朝阳区
朝阳区
朝阳区
朝阳区
朝阳区
朝阳区
朝阳区
朝阳区
海淀区
海淀区
海淀区
海淀区
海淀区
朝阳区
朝阳区
朝阳区
朝阳区
朝阳区
朝阳区
朝阳区
朝阳区
朝阳区
东城区
东城区
东城区
东城区
东城区
朝阳区
朝阳区
朝阳区
朝阳区
朝阳区
朝阳区
朝阳区
朝阳区
朝阳区
海淀区
海淀区
海淀区
海淀区
海淀区
海淀区
海淀区
朝阳区
东城区
朝阳区
东城区
朝阳区
海淀区
海淀区
海淀区
海淀区
海淀区
海淀区
海淀区
海淀区
朝阳区
朝阳区
朝阳区
朝阳区
朝阳区
朝阳区
朝阳区
朝阳区
朝阳区
朝阳区
朝阳区
通州区
通州区
通州区
通州区
朝阳区
朝阳区
朝阳区
朝阳区
朝阳区
通州区
通州区
通州区
通州区
通州区
朝阳区
朝阳区
朝阳区
朝阳区
海淀区
海淀区
海淀区
海淀区
海淀区
朝阳区
朝阳区
朝阳区
朝阳区
朝阳区
朝阳区
朝阳区
朝阳区
朝阳区
朝阳区
朝阳区
朝阳区
朝阳区
房山区
房山区
房山区
房山区
房山区
朝阳区
朝阳区
朝阳区
朝阳区
朝阳区
朝阳区
朝阳区
朝阳区
朝阳区
朝阳区
朝阳区
朝阳区
朝阳区
朝阳区
朝阳区
朝阳区
朝阳区
朝阳区
朝阳区
朝阳区
朝阳区
朝阳区
朝阳区
朝阳区
海淀区
朝阳区
朝阳区
朝阳区
东城区
海淀区
海淀区
海淀区
海淀区
海淀区
丰台区
丰台区
丰台区
丰台区
丰台区
丰台区
丰台区
丰台区
丰台区
丰台区
丰台区
丰台区
丰台区
丰台区
丰台区
丰台区
丰台区
丰台区
丰台区
丰台区
丰台区
丰台区
丰台区
丰台区
丰台区
丰台区
丰台区
丰台区
丰台区
丰台区
丰台区
丰台区
丰台区
丰台区
丰台区
丰台区
丰台区
丰台区
丰台区
丰台区
丰台区
丰台区
丰台区
丰台区
丰台区
丰台区
丰台区
丰台区
丰台区
丰台区
丰台区
丰台区
丰台区
丰台区
朝阳区
朝阳区
朝阳区
朝阳区
朝阳区
朝阳区
朝阳区
朝阳区
朝阳区
朝阳区
朝阳区
朝阳区
朝阳区
朝阳区
朝阳区
朝阳区
朝阳区
朝阳区
朝阳区
朝阳区
朝阳区
朝阳区
朝阳区
朝阳区
朝阳区
朝阳区
朝阳区
朝阳区
朝阳区
朝阳区
朝阳区
朝阳区
朝阳区
朝阳区
朝阳区
朝阳区
大兴区
大兴区
大兴区
大兴区
大兴区
大兴区
石景山区
石景山区
石景山区
石景山区
丰台区
丰台区
丰台区
丰台区
丰台区
海淀区
海淀区
海淀区
朝阳区
海淀区
朝阳区
朝阳区
朝阳区
朝阳区
朝阳区
朝阳区
朝阳区
朝阳区
朝阳区
朝阳区
海淀区
海淀区
海淀区
海淀区
东城区
东城区
东城区
东城区
朝阳区
朝阳区
朝阳区
朝阳区
朝阳区
朝阳区
朝阳区
朝阳区
朝阳区
丰台区
丰台区
丰台区
丰台区
丰台区
丰台区
朝阳区
朝阳区
朝阳区
朝阳区
朝阳区
朝阳区
朝阳区
朝阳区
朝阳区
朝阳区
朝阳区
朝阳区
丰台区
丰台区
丰台区
丰台区
西城区
西城区
西城区
西城区
朝阳区
朝阳区
朝阳区
朝阳区
朝阳区
朝阳区
朝阳区
东城区
朝阳区
朝阳区
朝阳区
朝阳区
朝阳区
朝阳区
朝阳区
丰台区
丰台区
丰台区
丰台区
丰台区
朝阳区
朝阳区
朝阳区
西城区
西城区
海淀区
海淀区
海淀区
丰台区
丰台区
丰台区
丰台区
东城区
东城区
东城区
东城区
丰台区
丰台区
丰台区
丰台区
丰台区
丰台区
丰台区
丰台区
丰台区
丰台区
朝阳区
朝阳区
朝阳区
朝阳区
朝阳区
朝阳区
丰台区
丰台区
丰台区
东城区
朝阳区
朝阳区
朝阳区
朝阳区
朝阳区
朝阳区
朝阳区
朝阳区
朝阳区
朝阳区
朝阳区
朝阳区
朝阳区
通州区
通州区
通州区
通州区
丰台区
丰台区
丰台区
丰台区
朝阳区
朝阳区
朝阳区
朝阳区
朝阳区
朝阳区
朝阳区
朝阳区
朝阳区
西城区
丰台区
丰台区
丰台区
丰台区
丰台区
朝阳区
朝阳区
朝阳区
朝阳区
朝阳区
朝阳区
朝阳区
东城区
东城区
东城区
丰台区
丰台区
丰台区
丰台区
丰台区
丰台区
丰台区
丰台区
丰台区
丰台区
朝阳区
朝阳区
朝阳区
朝阳区
朝阳区
朝阳区
朝阳区
昌平区
昌平区
昌平区
朝阳区
朝阳区
朝阳区
朝阳区
海淀区
海淀区
海淀区
海淀区
海淀区
朝阳区
朝阳区
朝阳区
朝阳区
朝阳区
房山区
房山区
房山区
房山区
房山区
朝阳区
朝阳区
朝阳区
朝阳区
海淀区
海淀区
海淀区
海淀区
海淀区
海淀区
海淀区
海淀区
东城区
东城区
东城区
东城区
东城区
东城区
东城区
东城区
丰台区
丰台区
丰台区
大兴区
大兴区
大兴区
丰台区
丰台区
丰台区
丰台区
丰台区
丰台区
丰台区
丰台区
丰台区
海淀区
海淀区
海淀区
海淀区
朝阳区
朝阳区
朝阳区
朝阳区
东城区
东城区
东城区
西城区
朝阳区
朝阳区
朝阳区
朝阳区
大兴区
大兴区
大兴区
大兴区
大兴区
大兴区
大兴区
大兴区
丰台区
丰台区
丰台区
丰台区
海淀区
海淀区
海淀区
海淀区
海淀区
西城区
西城区
西城区
西城区
西城区
西城区
西城区
西城区
朝阳区
朝阳区
朝阳区
朝阳区
朝阳区
朝阳区
朝阳区
朝阳区
朝阳区
朝阳区
朝阳区
大兴区
大兴区
大兴区
大兴区
大兴区
大兴区
大兴区
大兴区
朝阳区
朝阳区
朝阳区
朝阳区
朝阳区
朝阳区
朝阳区
朝阳区
朝阳区
朝阳区
朝阳区
朝阳区
朝阳区
朝阳区
朝阳区
朝阳区
朝阳区
朝阳区
朝阳区
朝阳区
朝阳区
朝阳区
朝阳区
朝阳区
朝阳区
朝阳区
朝阳区
朝阳区
朝阳区
朝阳区
朝阳区
朝阳区
朝阳区
朝阳区
朝阳区
朝阳区
朝阳区
东城区
朝阳区
东城区
朝阳区
东城区
大兴区
大兴区
大兴区
大兴区
大兴区
朝阳区
朝阳区
朝阳区
朝阳区
朝阳区
朝阳区
朝阳区
朝阳区
朝阳区
朝阳区
朝阳区
朝阳区
朝阳区
朝阳区
朝阳区
朝阳区
房山区
房山区
房山区
房山区
房山区
房山区
房山区
房山区
房山区
房山区
房山区
房山区
朝阳区
朝阳区
朝阳区
朝阳区
朝阳区
丰台区
丰台区
丰台区
东城区
朝阳区
朝阳区
朝阳区
海淀区
海淀区
海淀区
海淀区
朝阳区
朝阳区
朝阳区
朝阳区
朝阳区
朝阳区
朝阳区
朝阳区
西城区
西城区
西城区
西城区
西城区
西城区
西城区
西城区
西城区
西城区
朝阳区
朝阳区
朝阳区
朝阳区
朝阳区
朝阳区
朝阳区
朝阳区
朝阳区
昌平区
昌平区
昌平区
昌平区
朝阳区
朝阳区
朝阳区
朝阳区
朝阳区
朝阳区
朝阳区
朝阳区
朝阳区
朝阳区
海淀区
海淀区
海淀区
海淀区
大兴区
大兴区
大兴区
丰台区
丰台区
丰台区
丰台区
石景山区
石景山区
丰台区
丰台区
丰台区
石景山区
石景山区
丰台区
丰台区
丰台区
石景山区
石景山区
丰台区
丰台区
丰台区
丰台区
丰台区
丰台区
丰台区
大兴区
丰台区
丰台区
西城区
东城区
西城区
东城区
昌平区
朝阳区
昌平区
昌平区
朝阳区
朝阳区
朝阳区
朝阳区
朝阳区
朝阳区
海淀区
海淀区
海淀区
海淀区
海淀区
海淀区
海淀区
海淀区
东城区
西城区
西城区
丰台区
朝阳区
朝阳区
朝阳区
朝阳区
朝阳区
朝阳区
朝阳区
朝阳区
丰台区
丰台区
丰台区
朝阳区
朝阳区
朝阳区
朝阳区
朝阳区
朝阳区
朝阳区
朝阳区
通州区
通州区
通州区
通州区
通州区
通州区
通州区
通州区
通州区
通州区
通州区
通州区
通州区
通州区
通州区
丰台区
丰台区
丰台区
丰台区
朝阳区
丰台区
大兴区
大兴区
朝阳区
朝阳区
朝阳区
朝阳区
西城区
西城区
西城区
西城区
西城区
西城区
西城区
西城区
朝阳区
朝阳区
朝阳区
朝阳区
朝阳区
昌平区
朝阳区
丰台区
丰台区
丰台区
丰台区
丰台区
丰台区
丰台区
丰台区
朝阳区
朝阳区
朝阳区
朝阳区
朝阳区
朝阳区
朝阳区
朝阳区
大兴区
大兴区
大兴区
大兴区
大兴区
朝阳区
朝阳区
朝阳区
朝阳区
大兴区
大兴区
大兴区
大兴区
大兴区
东城区
东城区
东城区
东城区
东城区
朝阳区
朝阳区
朝阳区
朝阳区
朝阳区
朝阳区
朝阳区
朝阳区
朝阳区
朝阳区
朝阳区
朝阳区
朝阳区
朝阳区
朝阳区
朝阳区
朝阳区
朝阳区
朝阳区
朝阳区
朝阳区
朝阳区
朝阳区
朝阳区
朝阳区
朝阳区
海淀区
海淀区
海淀区
海淀区
海淀区
东城区
东城区
东城区
东城区
东城区
朝阳区
朝阳区
朝阳区
朝阳区
朝阳区
东城区
朝阳区
东城区
朝阳区
朝阳区
朝阳区
朝阳区
朝阳区
朝阳区
朝阳区
朝阳区
朝阳区
朝阳区
朝阳区
朝阳区
朝阳区
朝阳区
朝阳区
朝阳区
朝阳区
朝阳区
朝阳区
朝阳区
朝阳区
朝阳区
朝阳区
朝阳区
丰台区
丰台区
丰台区
丰台区
丰台区
丰台区
丰台区
丰台区
丰台区
丰台区
丰台区
丰台区
丰台区
丰台区
丰台区
丰台区
丰台区
朝阳区
朝阳区
朝阳区
朝阳区
朝阳区
朝阳区
朝阳区
朝阳区
朝阳区
朝阳区
朝阳区
海淀区
海淀区
海淀区
海淀区
海淀区
海淀区
海淀区
海淀区
海淀区
海淀区
朝阳区
朝阳区
朝阳区
朝阳区
朝阳区
通州区
通州区
通州区
通州区
通州区
丰台区
丰台区
丰台区
丰台区
丰台区
丰台区
丰台区
海淀区
海淀区
海淀区
丰台区
海淀区
大兴区
大兴区
大兴区
大兴区
海淀区
西城区
西城区
西城区
海淀区
西城区
西城区
西城区
朝阳区
朝阳区
朝阳区
海淀区
海淀区
海淀区
顺义区
顺义区
顺义区
朝阳区
朝阳区
朝阳区
朝阳区
朝阳区
朝阳区
朝阳区
朝阳区
朝阳区
朝阳区
朝阳区
朝阳区
朝阳区
朝阳区
朝阳区
朝阳区
朝阳区
朝阳区
丰台区
丰台区
朝阳区
朝阳区
朝阳区
朝阳区
朝阳区
朝阳区
大兴区
大兴区
大兴区
大兴区
大兴区
大兴区
大兴区
大兴区
朝阳区
朝阳区
朝阳区
朝阳区
丰台区
丰台区
丰台区
丰台区
丰台区
朝阳区
朝阳区
朝阳区
朝阳区
朝阳区
朝阳区
朝阳区
朝阳区
朝阳区
朝阳区
东城区
朝阳区
朝阳区
朝阳区
朝阳区
丰台区
丰台区
丰台区
丰台区
朝阳区
丰台区
丰台区
丰台区
丰台区
朝阳区
朝阳区
朝阳区
朝阳区
朝阳区
朝阳区
东城区
东城区
东城区
东城区
东城区
朝阳区
朝阳区
朝阳区
朝阳区
朝阳区
朝阳区
朝阳区
朝阳区
朝阳区
朝阳区
朝阳区
朝阳区
朝阳区
朝阳区
朝阳区
朝阳区
朝阳区
海淀区
海淀区
海淀区
海淀区
海淀区
海淀区
海淀区
海淀区
海淀区
海淀区
朝阳区
朝阳区
朝阳区
朝阳区
朝阳区
朝阳区
朝阳区
朝阳区
朝阳区
朝阳区
朝阳区
朝阳区
朝阳区
朝阳区
朝阳区
朝阳区
朝阳区
朝阳区
朝阳区
朝阳区
朝阳区
朝阳区
朝阳区
朝阳区
朝阳区
朝阳区
朝阳区
朝阳区
朝阳区
朝阳区
朝阳区
朝阳区
朝阳区
朝阳区
朝阳区
朝阳区
朝阳区
朝阳区
朝阳区
朝阳区
朝阳区
朝阳区
通州区
通州区
朝阳区
朝阳区
朝阳区
朝阳区
朝阳区
东城区
东城区
东城区
东城区
东城区
朝阳区
东城区
东城区
东城区
东城区
东城区
东城区
海淀区
海淀区
海淀区
海淀区
海淀区
朝阳区
朝阳区
朝阳区
朝阳区
朝阳区
朝阳区
朝阳区
朝阳区
朝阳区
朝阳区
朝阳区
朝阳区
海淀区
海淀区
海淀区
海淀区
西城区
西城区
西城区
西城区
朝阳区
朝阳区
朝阳区
朝阳区
朝阳区
朝阳区
朝阳区
朝阳区
朝阳区
朝阳区
丰台区
西城区
西城区
西城区
丰台区
丰台区
丰台区
东城区
东城区
东城区
朝阳区
朝阳区
朝阳区
东城区
朝阳区
朝阳区
朝阳区
朝阳区
朝阳区
朝阳区
朝阳区
朝阳区
朝阳区
朝阳区
朝阳区
朝阳区
朝阳区
朝阳区
朝阳区
朝阳区
丰台区
丰台区
丰台区
丰台区
丰台区
丰台区
丰台区
丰台区
丰台区
丰台区
丰台区
丰台区
丰台区
丰台区
丰台区
丰台区
丰台区
丰台区
丰台区
丰台区
丰台区
丰台区
丰台区
丰台区
丰台区
丰台区
丰台区
朝阳区
朝阳区
朝阳区
朝阳区
通州区
朝阳区
朝阳区
朝阳区
朝阳区
朝阳区
朝阳区
朝阳区
朝阳区
朝阳区
朝阳区
朝阳区
朝阳区
朝阳区
朝阳区
朝阳区
朝阳区
朝阳区
朝阳区
朝阳区
朝阳区
朝阳区
朝阳区
朝阳区
朝阳区
朝阳区
朝阳区
朝阳区
朝阳区
朝阳区
朝阳区
朝阳区
朝阳区
朝阳区
东城区
东城区
东城区
东城区
朝阳区
朝阳区
朝阳区
朝阳区
朝阳区
朝阳区
朝阳区
朝阳区
朝阳区
朝阳区
朝阳区
朝阳区
朝阳区
朝阳区
海淀区
海淀区
海淀区
海淀区
朝阳区
朝阳区
朝阳区
朝阳区
海淀区
海淀区
海淀区
海淀区
通州区
通州区
通州区
通州区
通州区
海淀区
海淀区
海淀区
海淀区
海淀区
朝阳区
朝阳区
东城区
东城区
东城区
朝阳区
朝阳区
东城区
东城区
东城区
朝阳区
朝阳区
朝阳区
朝阳区
东城区
海淀区
海淀区
海淀区
海淀区
丰台区
丰台区
丰台区
丰台区
丰台区
丰台区
丰台区
丰台区
丰台区
海淀区
海淀区
海淀区
海淀区
海淀区
西城区
西城区
西城区
西城区
朝阳区
朝阳区
朝阳区
东城区
东城区
东城区
东城区
朝阳区
朝阳区
东城区
朝阳区
海淀区
朝阳区
朝阳区
朝阳区
朝阳区
朝阳区
朝阳区
朝阳区
朝阳区
朝阳区
大兴区
大兴区
大兴区
大兴区
朝阳区
朝阳区
朝阳区
朝阳区
朝阳区
朝阳区
朝阳区
朝阳区
朝阳区
丰台区
丰台区
丰台区
丰台区
丰台区
丰台区
丰台区
丰台区
丰台区
丰台区
朝阳区
朝阳区
朝阳区
朝阳区
朝阳区
朝阳区
朝阳区
朝阳区
朝阳区
丰台区
丰台区
丰台区
海淀区
丰台区
丰台区
丰台区
海淀区
朝阳区
朝阳区
朝阳区
朝阳区
朝阳区
朝阳区
朝阳区
海淀区
海淀区
海淀区
海淀区
海淀区
朝阳区
朝阳区
朝阳区
朝阳区
朝阳区
朝阳区
朝阳区
朝阳区
朝阳区
朝阳区
朝阳区
朝阳区
朝阳区
朝阳区
朝阳区
朝阳区
朝阳区
朝阳区
朝阳区
朝阳区
朝阳区
朝阳区
朝阳区
朝阳区
朝阳区
朝阳区
朝阳区
朝阳区
朝阳区
朝阳区
朝阳区
朝阳区
朝阳区
朝阳区
朝阳区
朝阳区
朝阳区
朝阳区
朝阳区
朝阳区
朝阳区
朝阳区
石景山区
石景山区
石景山区
石景山区
朝阳区
朝阳区
朝阳区
朝阳区
朝阳区
朝阳区
朝阳区
朝阳区
朝阳区
朝阳区
朝阳区
朝阳区
朝阳区
朝阳区
朝阳区
朝阳区
朝阳区
朝阳区
朝阳区
朝阳区
昌平区
昌平区
顺义区
丰台区
丰台区
丰台区
丰台区
朝阳区
朝阳区
海淀区
海淀区
海淀区
海淀区
海淀区
朝阳区
朝阳区
朝阳区
朝阳区
朝阳区
朝阳区
朝阳区
朝阳区
朝阳区
朝阳区
朝阳区
大兴区
大兴区
大兴区
大兴区
大兴区
大兴区
朝阳区
朝阳区
朝阳区
朝阳区
朝阳区
朝阳区
朝阳区
朝阳区
朝阳区
朝阳区
朝阳区
朝阳区
朝阳区
朝阳区
朝阳区
海淀区
海淀区
海淀区
海淀区
海淀区
东城区
东城区
东城区
东城区
东城区
朝阳区
朝阳区
朝阳区
朝阳区
海淀区
海淀区
海淀区
朝阳区
大兴区
大兴区
朝阳区
朝阳区
朝阳区
朝阳区
朝阳区
朝阳区
朝阳区
朝阳区
朝阳区
朝阳区
丰台区
朝阳区
朝阳区
朝阳区
朝阳区
朝阳区
朝阳区
通州区
通州区
昌平区
昌平区
昌平区
昌平区
昌平区
朝阳区
海淀区
海淀区
海淀区
朝阳区
朝阳区
朝阳区
朝阳区
丰台区
丰台区
丰台区
丰台区
丰台区
丰台区
丰台区
丰台区
大兴区
大兴区
大兴区
大兴区
大兴区
大兴区
朝阳区
朝阳区
朝阳区
朝阳区
大兴区
大兴区
大兴区
朝阳区
朝阳区
朝阳区
朝阳区
朝阳区
朝阳区
丰台区
丰台区
丰台区
丰台区
丰台区
海淀区
海淀区
海淀区
海淀区
东城区
东城区
东城区
东城区
东城区
东城区
东城区
东城区
朝阳区
东城区
东城区
东城区
朝阳区
丰台区
朝阳区
朝阳区
朝阳区
朝阳区
朝阳区
朝阳区
朝阳区
朝阳区
丰台区
东城区
东城区
朝阳区
朝阳区
朝阳区
朝阳区
朝阳区
朝阳区
朝阳区
朝阳区
朝阳区
海淀区
海淀区
海淀区
海淀区
海淀区
朝阳区
丰台区
丰台区
丰台区
丰台区
丰台区
丰台区
丰台区
丰台区
丰台区
丰台区
通州区
通州区
通州区
通州区
通州区
通州区
通州区
通州区
通州区
通州区
大兴区
丰台区
丰台区
朝阳区
朝阳区
朝阳区
通州区
通州区
通州区
通州区
朝阳区
朝阳区
朝阳区
朝阳区
朝阳区
朝阳区
朝阳区
朝阳区
朝阳区
朝阳区
朝阳区
朝阳区
朝阳区
朝阳区
朝阳区
朝阳区
朝阳区
朝阳区
朝阳区
朝阳区
朝阳区
朝阳区
朝阳区
朝阳区
朝阳区
朝阳区
朝阳区
朝阳区
朝阳区
朝阳区
朝阳区
朝阳区
朝阳区
朝阳区
朝阳区
朝阳区
朝阳区
朝阳区
朝阳区
朝阳区
朝阳区
朝阳区
朝阳区
朝阳区
朝阳区
丰台区
丰台区
丰台区
丰台区
朝阳区
朝阳区
朝阳区
朝阳区
朝阳区
朝阳区
东城区
东城区
东城区
东城区
丰台区
丰台区
丰台区
丰台区
丰台区
丰台区
丰台区
丰台区
朝阳区
朝阳区
朝阳区
朝阳区
朝阳区
朝阳区
朝阳区
朝阳区
朝阳区
朝阳区
朝阳区
朝阳区
东城区
东城区
东城区
东城区
朝阳区
东城区
东城区
东城区
东城区
朝阳区
朝阳区
朝阳区
朝阳区
海淀区
海淀区
海淀区
海淀区
海淀区
海淀区
通州区
通州区
通州区
通州区
通州区
通州区
海淀区
海淀区
海淀区
朝阳区
朝阳区
朝阳区
大兴区
大兴区
大兴区
大兴区
大兴区
海淀区
海淀区
海淀区
海淀区
朝阳区
朝阳区
朝阳区
朝阳区
朝阳区
朝阳区
朝阳区
朝阳区
朝阳区
海淀区
朝阳区
朝阳区
朝阳区
朝阳区
朝阳区
朝阳区
朝阳区
朝阳区
朝阳区
朝阳区
朝阳区
朝阳区
朝阳区
朝阳区
朝阳区
朝阳区
朝阳区
东城区
西城区
西城区
西城区
西城区
朝阳区
朝阳区
朝阳区
通州区
通州区
通州区
通州区
通州区
通州区
海淀区
丰台区
海淀区
海淀区
丰台区
海淀区
丰台区
海淀区
海淀区
丰台区
朝阳区
朝阳区
朝阳区
石景山区
石景山区
石景山区
石景山区
朝阳区
朝阳区
朝阳区
通州区
通州区
通州区
朝阳区
朝阳区
朝阳区
朝阳区
朝阳区
朝阳区
朝阳区
朝阳区
朝阳区
朝阳区
朝阳区
朝阳区
朝阳区
朝阳区
朝阳区
朝阳区
海淀区
海淀区
朝阳区
朝阳区
朝阳区
朝阳区
朝阳区
朝阳区
朝阳区
大兴区
大兴区
大兴区
大兴区
大兴区
朝阳区
朝阳区
朝阳区
朝阳区
朝阳区
朝阳区
朝阳区
朝阳区
朝阳区
朝阳区
朝阳区
朝阳区
朝阳区
朝阳区
房山区
房山区
房山区
房山区
房山区
海淀区
海淀区
海淀区
海淀区
海淀区
海淀区
朝阳区
朝阳区
朝阳区
朝阳区
朝阳区
朝阳区
朝阳区
朝阳区
朝阳区
朝阳区
朝阳区
朝阳区
朝阳区
朝阳区
海淀区
海淀区
朝阳区
朝阳区
朝阳区
朝阳区
朝阳区
朝阳区
海淀区
海淀区
海淀区
朝阳区
朝阳区
朝阳区
朝阳区
丰台区
海淀区
海淀区
海淀区
昌平区
昌平区
昌平区
昌平区
朝阳区
朝阳区
朝阳区
朝阳区
朝阳区
丰台区
丰台区
丰台区
丰台区
朝阳区
朝阳区
朝阳区
朝阳区
朝阳区
朝阳区
朝阳区
朝阳区
朝阳区
朝阳区
朝阳区
朝阳区
朝阳区
朝阳区
朝阳区
昌平区
朝阳区
昌平区
朝阳区
昌平区
朝阳区
昌平区
朝阳区
朝阳区
朝阳区
朝阳区
朝阳区
朝阳区
朝阳区
朝阳区
朝阳区
朝阳区
朝阳区
朝阳区
朝阳区
朝阳区
朝阳区
朝阳区
丰台区
丰台区
丰台区
丰台区
朝阳区
朝阳区
朝阳区
朝阳区
朝阳区
朝阳区
朝阳区
昌平区
昌平区
朝阳区
朝阳区
朝阳区
昌平区
昌平区
丰台区
丰台区
海淀区
海淀区
海淀区
海淀区
海淀区
朝阳区
朝阳区
朝阳区
朝阳区
朝阳区
朝阳区
朝阳区
朝阳区
东城区
东城区
东城区
东城区
东城区
东城区
东城区
东城区
朝阳区
朝阳区
朝阳区
朝阳区
西城区
西城区
西城区
西城区
朝阳区
朝阳区
朝阳区
东城区
东城区
东城区
东城区
朝阳区
朝阳区
朝阳区
东城区
东城区
东城区
东城区
东城区
朝阳区
朝阳区
朝阳区
东城区
东城区
东城区
东城区
东城区
朝阳区
朝阳区
朝阳区
朝阳区
朝阳区
朝阳区
朝阳区
丰台区
丰台区
丰台区
丰台区
丰台区
丰台区
丰台区
丰台区
丰台区
丰台区
朝阳区
朝阳区
朝阳区
朝阳区
朝阳区
海淀区
海淀区
海淀区
海淀区
海淀区
丰台区
丰台区
丰台区
朝阳区
朝阳区
朝阳区
朝阳区
朝阳区
朝阳区
朝阳区
朝阳区
朝阳区
朝阳区
朝阳区
朝阳区
朝阳区
朝阳区
朝阳区
朝阳区
朝阳区
朝阳区
朝阳区
石景山区
石景山区
石景山区
石景山区
石景山区
海淀区
海淀区
海淀区
朝阳区
朝阳区
朝阳区
东城区
东城区
东城区
东城区
东城区
大兴区
海淀区
昌平区
朝阳区
朝阳区
朝阳区
朝阳区
朝阳区
朝阳区
朝阳区
朝阳区
朝阳区
东城区
东城区
西城区
西城区
西城区
西城区
朝阳区
朝阳区
朝阳区
朝阳区
西城区
西城区
西城区
西城区
西城区
丰台区
丰台区
丰台区
丰台区
朝阳区
丰台区
丰台区
丰台区
丰台区
朝阳区
丰台区
丰台区
丰台区
丰台区
朝阳区
朝阳区
朝阳区
朝阳区
朝阳区
朝阳区
朝阳区
朝阳区
朝阳区
丰台区
丰台区
丰台区
丰台区
丰台区
丰台区
丰台区
朝阳区
朝阳区
朝阳区
朝阳区
朝阳区
朝阳区
朝阳区
海淀区
海淀区
海淀区
海淀区
海淀区
怀柔区
怀柔区
怀柔区
怀柔区
怀柔区
怀柔区
朝阳区
朝阳区
朝阳区
朝阳区
朝阳区
朝阳区
朝阳区
东城区
东城区
东城区
东城区
丰台区
丰台区
丰台区
丰台区
丰台区
朝阳区
朝阳区
朝阳区
朝阳区
朝阳区
朝阳区
朝阳区
朝阳区
朝阳区
朝阳区
朝阳区
朝阳区
朝阳区
朝阳区
朝阳区
朝阳区
海淀区
海淀区
海淀区
海淀区
海淀区
海淀区
海淀区
海淀区
海淀区
丰台区
丰台区
丰台区
丰台区
丰台区
丰台区
丰台区
丰台区
朝阳区
朝阳区
海淀区
朝阳区
朝阳区
朝阳区
海淀区
朝阳区
丰台区
丰台区
东城区
东城区
丰台区
丰台区
房山区
房山区
房山区
房山区
房山区
朝阳区
朝阳区
朝阳区
朝阳区
朝阳区
朝阳区
朝阳区
朝阳区
西城区
西城区
西城区
西城区
西城区
朝阳区
朝阳区
东城区
朝阳区
朝阳区
东城区
东城区
东城区
东城区
东城区
海淀区
海淀区
海淀区
海淀区
海淀区
海淀区
海淀区
海淀区
海淀区
海淀区
海淀区
海淀区
海淀区
海淀区
海淀区
海淀区
海淀区
海淀区
西城区
西城区
西城区
西城区
西城区
丰台区
丰台区
丰台区
丰台区
丰台区
丰台区
丰台区
丰台区
丰台区
丰台区
丰台区
丰台区
丰台区
丰台区
丰台区
丰台区
丰台区
丰台区
丰台区
丰台区
丰台区
丰台区
朝阳区
朝阳区
朝阳区
朝阳区
丰台区
丰台区
丰台区
丰台区
丰台区
丰台区
丰台区
丰台区
丰台区
丰台区
丰台区
丰台区
丰台区
朝阳区
朝阳区
朝阳区
朝阳区
朝阳区
朝阳区
朝阳区
朝阳区
朝阳区
朝阳区
丰台区
丰台区
丰台区
丰台区
丰台区
朝阳区
朝阳区
朝阳区
朝阳区
朝阳区
朝阳区
朝阳区
朝阳区
朝阳区
朝阳区
朝阳区
朝阳区
朝阳区
朝阳区
朝阳区
朝阳区
朝阳区
朝阳区
东城区
朝阳区
东城区
朝阳区
朝阳区
朝阳区
朝阳区
朝阳区
朝阳区
朝阳区
朝阳区
朝阳区
朝阳区
朝阳区
丰台区
丰台区
丰台区
丰台区
朝阳区
朝阳区
朝阳区
朝阳区
朝阳区
朝阳区
朝阳区
朝阳区
朝阳区
朝阳区
朝阳区
朝阳区
朝阳区
朝阳区
丰台区
丰台区
丰台区
丰台区
丰台区
丰台区
丰台区
丰台区
丰台区
大兴区
丰台区
丰台区
丰台区
朝阳区
朝阳区
朝阳区
朝阳区
丰台区
丰台区
丰台区
丰台区
丰台区
丰台区
丰台区
丰台区
丰台区
丰台区
朝阳区
朝阳区
朝阳区
朝阳区
朝阳区
朝阳区
朝阳区
朝阳区
朝阳区
朝阳区
东城区
朝阳区
朝阳区
朝阳区
朝阳区
朝阳区
朝阳区
朝阳区
朝阳区
朝阳区
朝阳区
朝阳区
朝阳区
朝阳区
朝阳区
朝阳区
朝阳区
朝阳区
朝阳区
朝阳区
朝阳区
朝阳区
朝阳区
朝阳区
朝阳区
朝阳区
朝阳区
朝阳区
朝阳区
朝阳区
朝阳区
朝阳区
朝阳区
朝阳区
朝阳区
朝阳区
朝阳区
朝阳区
朝阳区
朝阳区
通州区
通州区
通州区
朝阳区
朝阳区
朝阳区
朝阳区
丰台区
丰台区
丰台区
丰台区
丰台区
通州区
通州区
通州区
丰台区
丰台区
丰台区
丰台区
丰台区
朝阳区
朝阳区
朝阳区
朝阳区
朝阳区
朝阳区
朝阳区
朝阳区
朝阳区
朝阳区
朝阳区
朝阳区
朝阳区
朝阳区
朝阳区
朝阳区
朝阳区
朝阳区
朝阳区
朝阳区
昌平区
昌平区
昌平区
昌平区
朝阳区
朝阳区
朝阳区
海淀区
丰台区
房山区
房山区
海淀区
海淀区
海淀区
海淀区
朝阳区
朝阳区
朝阳区
朝阳区
朝阳区
丰台区
丰台区
丰台区
朝阳区
朝阳区
朝阳区
朝阳区
东城区
朝阳区
朝阳区
朝阳区
朝阳区
朝阳区
朝阳区
朝阳区
朝阳区
朝阳区
朝阳区
朝阳区
丰台区
朝阳区
朝阳区
朝阳区
丰台区
朝阳区
朝阳区
朝阳区
朝阳区
丰台区
朝阳区
朝阳区
朝阳区
朝阳区
朝阳区
朝阳区
朝阳区
朝阳区
朝阳区
朝阳区
朝阳区
朝阳区
朝阳区
朝阳区
朝阳区
朝阳区
朝阳区
朝阳区
朝阳区
朝阳区
朝阳区
朝阳区
朝阳区
朝阳区
朝阳区
朝阳区
东城区
朝阳区
朝阳区
东城区
朝阳区
朝阳区
朝阳区
朝阳区
朝阳区
朝阳区
朝阳区
朝阳区
朝阳区
朝阳区
朝阳区
朝阳区
朝阳区
朝阳区
朝阳区
朝阳区
朝阳区
朝阳区
朝阳区
朝阳区
朝阳区
朝阳区
朝阳区
朝阳区
大兴区
丰台区
大兴区
大兴区
朝阳区
朝阳区
朝阳区
朝阳区
丰台区
丰台区
丰台区
丰台区
丰台区
朝阳区
东城区
东城区
东城区
东城区
东城区
东城区
东城区
东城区
通州区
通州区
通州区
朝阳区
朝阳区
朝阳区
朝阳区
朝阳区
东城区
东城区
东城区
东城区
东城区
东城区
东城区
东城区
朝阳区
朝阳区
朝阳区
朝阳区
丰台区
丰台区
朝阳区
朝阳区
朝阳区
朝阳区
东城区
东城区
东城区
东城区
东城区
海淀区
大兴区
朝阳区
朝阳区
朝阳区
朝阳区
朝阳区
朝阳区
朝阳区
朝阳区
丰台区
丰台区
丰台区
丰台区
丰台区
丰台区
丰台区
丰台区
丰台区
丰台区
丰台区
丰台区
丰台区
丰台区
丰台区
丰台区
丰台区
丰台区
丰台区
丰台区
大兴区
大兴区
大兴区
大兴区
朝阳区
朝阳区
朝阳区
朝阳区
朝阳区
海淀区
海淀区
海淀区
海淀区
海淀区
海淀区
海淀区
海淀区
海淀区
海淀区
朝阳区
朝阳区
朝阳区
朝阳区
朝阳区
朝阳区
朝阳区
朝阳区
朝阳区
朝阳区
朝阳区
朝阳区
朝阳区
朝阳区
朝阳区
朝阳区
朝阳区
丰台区
丰台区
丰台区
丰台区
朝阳区
朝阳区
朝阳区
朝阳区
朝阳区
朝阳区
朝阳区
朝阳区
门头沟区
门头沟区
门头沟区
门头沟区
丰台区
朝阳区
朝阳区
朝阳区
朝阳区
朝阳区
朝阳区
丰台区
丰台区
朝阳区
丰台区
朝阳区
朝阳区
朝阳区
朝阳区
朝阳区
朝阳区
朝阳区
朝阳区
朝阳区
朝阳区
朝阳区
朝阳区
朝阳区
朝阳区
朝阳区
海淀区
丰台区
丰台区
海淀区
丰台区
丰台区
朝阳区
朝阳区
朝阳区
丰台区
丰台区
丰台区
丰台区
丰台区
丰台区
丰台区
丰台区
丰台区
丰台区
丰台区
丰台区
丰台区
丰台区
海淀区
海淀区
海淀区
海淀区
东城区
东城区
东城区
东城区
东城区
房山区
房山区
房山区
房山区
房山区
东城区
东城区
东城区
大兴区
大兴区
大兴区
大兴区
大兴区
朝阳区
朝阳区
朝阳区
朝阳区
朝阳区
朝阳区
朝阳区
朝阳区
朝阳区
朝阳区
朝阳区
朝阳区
朝阳区
朝阳区
朝阳区
朝阳区
朝阳区
朝阳区
朝阳区
朝阳区
朝阳区
朝阳区
朝阳区
朝阳区
朝阳区
朝阳区
朝阳区
朝阳区
朝阳区
朝阳区
朝阳区
朝阳区
朝阳区
朝阳区
朝阳区
朝阳区
朝阳区
朝阳区
朝阳区
海淀区
海淀区
海淀区
海淀区
朝阳区
朝阳区
朝阳区
朝阳区
朝阳区
朝阳区
朝阳区
海淀区
海淀区
海淀区
海淀区
朝阳区
朝阳区
朝阳区
朝阳区
朝阳区
朝阳区
朝阳区
东城区
东城区
东城区
东城区
东城区
海淀区
海淀区
东城区
东城区
东城区
东城区
海淀区
海淀区
海淀区
海淀区
海淀区
海淀区
海淀区
海淀区
海淀区
朝阳区
朝阳区
朝阳区
朝阳区
朝阳区
朝阳区
朝阳区
朝阳区
朝阳区
朝阳区
朝阳区
朝阳区
朝阳区
朝阳区
朝阳区
东城区
东城区
东城区
东城区
东城区
东城区
东城区
东城区
东城区
东城区
朝阳区
朝阳区
朝阳区
朝阳区
朝阳区
丰台区
丰台区
丰台区
丰台区
丰台区
海淀区
海淀区
海淀区
海淀区
丰台区
丰台区
丰台区
丰台区
丰台区
丰台区
丰台区
丰台区
丰台区
丰台区
朝阳区
朝阳区
朝阳区
朝阳区
朝阳区
朝阳区
朝阳区
朝阳区
朝阳区
朝阳区
朝阳区
朝阳区
海淀区
海淀区
海淀区
海淀区
海淀区
朝阳区
朝阳区
朝阳区
朝阳区
朝阳区
丰台区
丰台区
丰台区
丰台区
大兴区
朝阳区
朝阳区
朝阳区
朝阳区
朝阳区
朝阳区
丰台区
丰台区
丰台区
丰台区
丰台区
丰台区
丰台区
丰台区
丰台区
丰台区
西城区
西城区
西城区
西城区
朝阳区
朝阳区
朝阳区
朝阳区
朝阳区
朝阳区
朝阳区
朝阳区
朝阳区
朝阳区
朝阳区
朝阳区
朝阳区
朝阳区
朝阳区
朝阳区
朝阳区
朝阳区
朝阳区
朝阳区
朝阳区
朝阳区
朝阳区
朝阳区
朝阳区
朝阳区
朝阳区
海淀区
海淀区
海淀区
朝阳区
朝阳区
朝阳区
朝阳区
朝阳区
朝阳区
朝阳区
朝阳区
朝阳区
朝阳区
朝阳区
朝阳区
朝阳区
朝阳区
朝阳区
朝阳区
丰台区
丰台区
丰台区
大兴区
丰台区
朝阳区
朝阳区
朝阳区
朝阳区
朝阳区
朝阳区
朝阳区
朝阳区
朝阳区
朝阳区
朝阳区
朝阳区
朝阳区
朝阳区
朝阳区
朝阳区
朝阳区
朝阳区
朝阳区
朝阳区
朝阳区
朝阳区
朝阳区
朝阳区
朝阳区
朝阳区
朝阳区
东城区
朝阳区
朝阳区
朝阳区
朝阳区
朝阳区
朝阳区
朝阳区
朝阳区
朝阳区
朝阳区
朝阳区
朝阳区
朝阳区
海淀区
海淀区
海淀区
海淀区
海淀区
朝阳区
朝阳区
朝阳区
朝阳区
朝阳区
朝阳区
朝阳区
朝阳区
朝阳区
朝阳区
朝阳区
朝阳区
朝阳区
朝阳区
朝阳区
朝阳区
朝阳区
朝阳区
朝阳区
朝阳区
朝阳区
朝阳区
朝阳区
朝阳区
朝阳区
朝阳区
朝阳区
朝阳区
朝阳区
东城区
东城区
东城区
东城区
朝阳区
大兴区
大兴区
大兴区
大兴区
朝阳区
朝阳区
朝阳区
朝阳区
朝阳区
朝阳区
朝阳区
朝阳区
朝阳区
朝阳区
朝阳区
朝阳区
丰台区
丰台区
丰台区
朝阳区
朝阳区
朝阳区
朝阳区
大兴区
大兴区
大兴区
东城区
丰台区
丰台区
朝阳区
朝阳区
朝阳区
朝阳区
朝阳区
朝阳区
朝阳区
朝阳区
海淀区
海淀区
海淀区
海淀区
海淀区
海淀区
海淀区
海淀区
海淀区
海淀区
丰台区
丰台区
丰台区
西城区
西城区
西城区
西城区
西城区
东城区
东城区
东城区
东城区
东城区
东城区
东城区
东城区
东城区
东城区
东城区
东城区
东城区
东城区
东城区
东城区
西城区
西城区
西城区
西城区
西城区
丰台区
丰台区
丰台区
丰台区
丰台区
丰台区
丰台区
丰台区
海淀区
朝阳区
海淀区
海淀区
朝阳区
通州区
通州区
通州区
通州区
东城区
朝阳区
朝阳区
东城区
朝阳区
朝阳区
海淀区
海淀区
海淀区
海淀区
海淀区
丰台区
丰台区
丰台区
丰台区
丰台区
丰台区
丰台区
丰台区
大兴区
大兴区
大兴区
大兴区
大兴区
大兴区
朝阳区
朝阳区
朝阳区
朝阳区
朝阳区
朝阳区
朝阳区
朝阳区
朝阳区
朝阳区
朝阳区
朝阳区
朝阳区
海淀区
海淀区
海淀区
海淀区
丰台区
丰台区
丰台区
丰台区
丰台区
丰台区
丰台区
丰台区
丰台区
朝阳区
朝阳区
朝阳区
朝阳区
东城区
东城区
东城区
东城区
东城区
昌平区
昌平区
昌平区
昌平区
昌平区
大兴区
大兴区
大兴区
朝阳区
朝阳区
朝阳区
朝阳区
朝阳区
海淀区
海淀区
海淀区
海淀区
丰台区
丰台区
丰台区
丰台区
朝阳区
朝阳区
朝阳区
朝阳区
通州区
通州区
通州区
通州区
通州区
通州区
通州区
通州区
通州区
通州区
朝阳区
朝阳区
朝阳区
朝阳区
朝阳区
朝阳区
朝阳区
朝阳区
西城区
西城区
西城区
海淀区
海淀区
朝阳区
朝阳区
朝阳区
朝阳区
朝阳区
朝阳区
朝阳区
朝阳区
朝阳区
朝阳区
石景山区
石景山区
丰台区
丰台区
丰台区
朝阳区
朝阳区
朝阳区
朝阳区
朝阳区
东城区
东城区
东城区
东城区
东城区
东城区
东城区
东城区
东城区
朝阳区
朝阳区
朝阳区
朝阳区
海淀区
海淀区
海淀区
海淀区
海淀区
西城区
西城区
西城区
西城区
西城区
西城区
丰台区
丰台区
丰台区
丰台区
丰台区
丰台区
丰台区
丰台区
丰台区
丰台区
丰台区
丰台区
丰台区
丰台区
丰台区
丰台区
丰台区
丰台区
丰台区
丰台区
丰台区
丰台区
丰台区
丰台区
丰台区
丰台区
丰台区
丰台区
丰台区
丰台区
丰台区
丰台区
丰台区
丰台区
丰台区
丰台区
丰台区
丰台区
东城区
东城区
东城区
东城区
东城区
东城区
丰台区
丰台区
丰台区
丰台区
朝阳区
朝阳区
朝阳区
朝阳区
朝阳区
朝阳区
朝阳区
朝阳区
朝阳区
朝阳区
朝阳区
朝阳区
朝阳区
朝阳区
朝阳区
朝阳区
朝阳区
朝阳区
朝阳区
朝阳区
朝阳区
朝阳区
朝阳区
大兴区
大兴区
朝阳区
朝阳区
东城区
朝阳区
丰台区
丰台区
丰台区
丰台区
通州区
通州区
通州区
通州区
丰台区
丰台区
丰台区
丰台区
丰台区
朝阳区
朝阳区
朝阳区
朝阳区
海淀区
海淀区
海淀区
海淀区
海淀区
朝阳区
朝阳区
朝阳区
朝阳区
朝阳区
西城区
海淀区
西城区
海淀区
朝阳区
朝阳区
朝阳区
朝阳区
朝阳区
海淀区
海淀区
海淀区
海淀区
海淀区
房山区
房山区
房山区
房山区
房山区
朝阳区
朝阳区
朝阳区
朝阳区
朝阳区
朝阳区
朝阳区
朝阳区
朝阳区
朝阳区
朝阳区
朝阳区
朝阳区
丰台区
丰台区
丰台区
海淀区
丰台区
朝阳区
朝阳区
朝阳区
朝阳区
朝阳区
朝阳区
朝阳区
朝阳区
朝阳区
朝阳区
朝阳区
朝阳区
朝阳区
朝阳区
海淀区
海淀区
海淀区
海淀区
朝阳区
朝阳区
朝阳区
朝阳区
朝阳区
丰台区
丰台区
丰台区
朝阳区
朝阳区
朝阳区
朝阳区
朝阳区
朝阳区
朝阳区
朝阳区
朝阳区
朝阳区
朝阳区
朝阳区
朝阳区
朝阳区
朝阳区
朝阳区
朝阳区
朝阳区
朝阳区
朝阳区
大兴区
大兴区
西城区
西城区
大兴区
大兴区
西城区
西城区
大兴区
丰台区
大兴区
大兴区
朝阳区
朝阳区
朝阳区
朝阳区
朝阳区
朝阳区
朝阳区
朝阳区
朝阳区
朝阳区
朝阳区
丰台区
丰台区
丰台区
丰台区
丰台区
朝阳区
朝阳区
朝阳区
朝阳区
朝阳区
朝阳区
朝阳区
朝阳区
朝阳区
朝阳区
朝阳区
朝阳区
朝阳区
朝阳区
朝阳区
朝阳区
朝阳区
朝阳区
朝阳区
朝阳区
朝阳区
朝阳区
朝阳区
海淀区
海淀区
海淀区
海淀区
通州区
通州区
通州区
通州区
通州区
通州区
通州区
通州区
通州区
通州区
海淀区
海淀区
海淀区
海淀区
朝阳区
朝阳区
朝阳区
海淀区
海淀区
海淀区
海淀区
海淀区
海淀区
海淀区
海淀区
丰台区
丰台区
丰台区
丰台区
丰台区
丰台区
丰台区
丰台区
丰台区
丰台区
东城区
东城区
东城区
东城区
东城区
东城区
东城区
东城区
东城区
通州区
东城区
东城区
东城区
东城区
东城区
东城区
东城区
东城区
东城区
通州区
朝阳区
朝阳区
朝阳区
朝阳区
朝阳区
朝阳区
朝阳区
朝阳区
朝阳区
朝阳区
朝阳区
朝阳区
朝阳区
朝阳区
朝阳区
朝阳区
朝阳区
朝阳区
朝阳区
朝阳区
朝阳区
朝阳区
朝阳区
朝阳区
朝阳区
朝阳区
朝阳区
朝阳区
朝阳区
朝阳区
朝阳区
朝阳区
朝阳区
朝阳区
朝阳区
朝阳区
朝阳区
朝阳区
朝阳区
丰台区
丰台区
丰台区
丰台区
丰台区
丰台区
丰台区
丰台区
丰台区
朝阳区
朝阳区
朝阳区
朝阳区
朝阳区
丰台区
丰台区
丰台区
丰台区
海淀区
朝阳区
朝阳区
朝阳区
朝阳区
朝阳区
朝阳区
朝阳区
朝阳区
朝阳区
朝阳区
朝阳区
朝阳区
朝阳区
朝阳区
朝阳区
朝阳区
朝阳区
朝阳区
朝阳区
朝阳区
丰台区
东城区
丰台区
东城区
东城区
石景山区
石景山区
朝阳区
朝阳区
朝阳区
丰台区
丰台区
房山区
房山区
房山区
房山区
东城区
东城区
朝阳区
朝阳区
朝阳区
朝阳区
朝阳区
朝阳区
朝阳区
朝阳区
朝阳区
朝阳区
朝阳区
东城区
东城区
东城区
东城区
东城区
东城区
东城区
东城区
东城区
东城区
通州区
通州区
通州区
通州区
通州区
朝阳区
朝阳区
朝阳区
朝阳区
朝阳区
朝阳区
朝阳区
朝阳区
朝阳区
朝阳区
朝阳区
朝阳区
朝阳区
丰台区
丰台区
丰台区
丰台区
朝阳区
朝阳区
朝阳区
朝阳区
昌平区
昌平区
昌平区
朝阳区
朝阳区
朝阳区
朝阳区
朝阳区
朝阳区
朝阳区
朝阳区
朝阳区
朝阳区
朝阳区
朝阳区
朝阳区
朝阳区
东城区
东城区
东城区
东城区
朝阳区
朝阳区
朝阳区
朝阳区
朝阳区
朝阳区
丰台区
丰台区
朝阳区
朝阳区
朝阳区
丰台区
丰台区
朝阳区
朝阳区
朝阳区
丰台区
丰台区
朝阳区
朝阳区
朝阳区
海淀区
海淀区
海淀区
海淀区
西城区
朝阳区
朝阳区
朝阳区
朝阳区
朝阳区
朝阳区
朝阳区
朝阳区
朝阳区
朝阳区
朝阳区
朝阳区
朝阳区
朝阳区
丰台区
丰台区
丰台区
丰台区
丰台区
海淀区
海淀区
海淀区
海淀区
丰台区
丰台区
丰台区
丰台区
丰台区
丰台区
丰台区
丰台区
丰台区
丰台区
丰台区
丰台区
丰台区
丰台区
丰台区
丰台区
丰台区
丰台区
朝阳区
朝阳区
朝阳区
朝阳区
朝阳区
朝阳区
朝阳区
朝阳区
朝阳区
朝阳区
朝阳区
朝阳区
朝阳区
朝阳区
朝阳区
朝阳区
朝阳区
通州区
通州区
通州区
通州区
通州区
朝阳区
大兴区
朝阳区
朝阳区
朝阳区
大兴区
朝阳区
朝阳区
朝阳区
朝阳区
朝阳区
朝阳区
朝阳区
朝阳区
朝阳区
朝阳区
朝阳区
朝阳区
朝阳区
朝阳区
朝阳区
朝阳区
朝阳区
朝阳区
朝阳区
朝阳区
朝阳区
朝阳区
朝阳区
朝阳区
朝阳区
朝阳区
朝阳区
朝阳区
朝阳区
朝阳区
朝阳区
朝阳区
朝阳区
朝阳区
朝阳区
朝阳区
朝阳区
朝阳区
朝阳区
朝阳区
朝阳区
朝阳区
朝阳区
朝阳区
朝阳区
朝阳区
朝阳区
海淀区
海淀区
海淀区
海淀区
西城区
朝阳区
朝阳区
朝阳区
朝阳区
朝阳区
朝阳区
东城区
东城区
朝阳区
东城区
海淀区
海淀区
海淀区
海淀区
海淀区
海淀区
朝阳区
朝阳区
朝阳区
东城区
东城区
朝阳区
朝阳区
东城区
东城区
东城区
东城区
东城区
朝阳区
朝阳区
朝阳区
朝阳区
朝阳区
朝阳区
朝阳区
朝阳区
朝阳区
朝阳区
朝阳区
东城区
东城区
房山区
房山区
房山区
朝阳区
朝阳区
朝阳区
朝阳区
东城区
东城区
东城区
东城区
东城区
东城区
东城区
东城区
朝阳区
朝阳区
朝阳区
朝阳区
朝阳区
朝阳区
朝阳区
朝阳区
朝阳区
朝阳区
朝阳区
朝阳区
朝阳区
朝阳区
朝阳区
朝阳区
朝阳区
朝阳区
朝阳区
海淀区
海淀区
海淀区
朝阳区
朝阳区
朝阳区
朝阳区
朝阳区
朝阳区
朝阳区
朝阳区
朝阳区
朝阳区
朝阳区
昌平区
昌平区
昌平区
昌平区
昌平区
朝阳区
朝阳区
朝阳区
朝阳区
朝阳区
朝阳区
朝阳区
朝阳区
朝阳区
海淀区
海淀区
海淀区
朝阳区
朝阳区
朝阳区
朝阳区
朝阳区
朝阳区
朝阳区
朝阳区
朝阳区
朝阳区
朝阳区
朝阳区
朝阳区
朝阳区
朝阳区
朝阳区
朝阳区
朝阳区
朝阳区
海淀区
海淀区
海淀区
朝阳区
朝阳区
朝阳区
朝阳区
朝阳区
朝阳区
朝阳区
大兴区
大兴区
大兴区
大兴区
大兴区
朝阳区
朝阳区
朝阳区
